Rank	Latitude	Longitude
1	13.02740	77.69432
2	13.02740	77.69425
3	13.02740	77.69418
4	13.02740	77.69410
5	13.02741	77.69403
6	13.02741	77.69396
7	13.02741	77.69389
8	13.02742	77.69382
9	13.02743	77.69375
10	13.02744	77.69366
11	13.02745	77.69360
12	13.02746	77.69353
13	13.02746	77.69346
14	13.02747	77.69338
15	13.02748	77.69332
16	13.02749	77.69326
17	13.02750	77.69319
18	13.02751	77.69311
19	13.02751	77.69304
20	13.02752	77.69297
21	13.02753	77.69292
22	13.02753	77.69284
23	13.02753	77.69278
24	13.02755	77.69272
25	13.02755	77.69265
26	13.02756	77.69258
27	13.02757	77.69251
28	13.02758	77.69244
29	13.02759	77.69237
30	13.02762	77.69230
31	13.02763	77.69225
32	13.02764	77.69219
33	13.02765	77.69213
34	13.02765	77.69206
35	13.02766	77.69200
36	13.02767	77.69193
37	13.02768	77.69187
38	13.02768	77.69180
39	13.02769	77.69175
40	13.02770	77.69168
41	13.02771	77.69160
42	13.02767	77.69154
43	13.02761	77.69147
44	13.02757	77.69141
45	13.02751	77.69135
46	13.02746	77.69131
47	13.02740	77.69127
48	13.02735	77.69124
49	13.02729	77.69120
50	13.02723	77.69116
51	13.02715	77.69112
52	13.02709	77.69108
53	13.02703	77.69106
54	13.02697	77.69102
55	13.02689	77.69097
56	13.02683	77.69093
57	13.02675	77.69087
58	13.02670	77.69082
59	13.02665	77.69078
60	13.02658	77.69073
61	13.02652	77.69068
62	13.02647	77.69064
63	13.02642	77.69060
64	13.02635	77.69055
65	13.02630	77.69051
66	13.02624	77.69045
67	13.02617	77.69039
68	13.02613	77.69033
69	13.02608	77.69029
70	13.02600	77.69021
71	13.02596	77.69016
72	13.02590	77.69010
73	13.02585	77.69006
74	13.02580	77.69001
75	13.02574	77.68994
76	13.02567	77.68988
77	13.02561	77.68984
78	13.02554	77.68978
79	13.02548	77.68972
80	13.02542	77.68967
81	13.02536	77.68962
82	13.02530	77.68957
83	13.02524	77.68951
84	13.02519	77.68947
85	13.02514	77.68942
86	13.02507	77.68936
87	13.02501	77.68932
88	13.02494	77.68925
89	13.02487	77.68918
90	13.02483	77.68913
91	13.02478	77.68906
92	13.02473	77.68901
93	13.02466	77.68895
94	13.02460	77.68889
95	13.02456	77.68883
96	13.02449	77.68876
97	13.02445	77.68870
98	13.02439	77.68863
99	13.02433	77.68856
100	13.02429	77.68850
101	13.02423	77.68844
102	13.02417	77.68839
103	13.02410	77.68832
104	13.02405	77.68827
105	13.02400	77.68822
106	13.02394	77.68816
107	13.02389	77.68811
108	13.02384	77.68807
109	13.02378	77.68802
110	13.02373	77.68797
111	13.02366	77.68790
112	13.02361	77.68785
113	13.02355	77.68780
114	13.02349	77.68772
115	13.02346	77.68765
116	13.02343	77.68759
117	13.02340	77.68753
118	13.02335	77.68746
119	13.02332	77.68739
120	13.02328	77.68734
121	13.02322	77.68726
122	13.02317	77.68721
123	13.02313	77.68715
124	13.02309	77.68710
125	13.02305	77.68705
126	13.02301	77.68699
127	13.02295	77.68694
128	13.02291	77.68688
129	13.02286	77.68683
130	13.02285	77.68678
131	13.02286	77.68672
132	13.02288	77.68665
133	13.02289	77.68659
134	13.02292	77.68651
135	13.02293	77.68646
136	13.02294	77.68638
137	13.02294	77.68631
138	13.02295	77.68624
139	13.02295	77.68617
140	13.02295	77.68611
141	13.02295	77.68604
142	13.02295	77.68596
143	13.02295	77.68589
144	13.02296	77.68582
145	13.02297	77.68576
146	13.02297	77.68568
147	13.02297	77.68562
148	13.02297	77.68557
149	13.02297	77.68551
150	13.02297	77.68543
151	13.02297	77.68536
152	13.02297	77.68529
153	13.02297	77.68519
154	13.02297	77.68512
155	13.02297	77.68504
156	13.02297	77.68497
157	13.02297	77.68489
158	13.02298	77.68482
159	13.02298	77.68475
160	13.02299	77.68467
161	13.02299	77.68462
162	13.02299	77.68453
163	13.02299	77.68447
164	13.02299	77.68441
165	13.02299	77.68434
166	13.02299	77.68427
167	13.02299	77.68421
168	13.02299	77.68414
169	13.02299	77.68407
170	13.02299	77.68400
171	13.02299	77.68392
172	13.02298	77.68385
173	13.02297	77.68376
174	13.02297	77.68370
175	13.02296	77.68364
176	13.02295	77.68358
177	13.02295	77.68353
178	13.02295	77.68347
179	13.02294	77.68341
180	13.02293	77.68336
181	13.02292	77.68330
182	13.02291	77.68322
183	13.02291	77.68315
184	13.02290	77.68310
185	13.02289	77.68304
186	13.02288	77.68297
187	13.02287	77.68290
188	13.02287	77.68284
189	13.02286	77.68279
190	13.02286	77.68272
191	13.02286	77.68265
192	13.02286	77.68257
193	13.02286	77.68250
194	13.02286	77.68242
195	13.02285	77.68235
196	13.02284	77.68228
197	13.02284	77.68220
198	13.02283	77.68214
199	13.02283	77.68208
200	13.02282	77.68201
201	13.02281	77.68194
202	13.02280	77.68187
203	13.02285	77.68187
204	13.02290	77.68186
205	13.02296	77.68186
206	13.02302	77.68185
207	13.02308	77.68185
208	13.02313	77.68185
209	13.02319	77.68185
210	13.02325	77.68184
211	13.02330	77.68184
212	13.02338	77.68183
213	13.02344	77.68182
214	13.02350	77.68181
215	13.02356	77.68180
216	13.02364	77.68180
217	13.02369	77.68179
218	13.02374	77.68178
219	13.02379	77.68178
220	13.02385	77.68177
221	13.02392	77.68176
222	13.02400	77.68176
223	13.02407	77.68174
224	13.02413	77.68174
225	13.02420	77.68173
226	13.02427	77.68173
227	13.02435	77.68173
228	13.02440	77.68173
229	13.02446	77.68173
230	13.02455	77.68173
231	13.02462	77.68173
232	13.02468	77.68173
233	13.02475	77.68173
234	13.02481	77.68173
235	13.02488	77.68173
236	13.02494	77.68174
237	13.02501	77.68174
238	13.02509	77.68174
239	13.02514	77.68174
240	13.02520	77.68172
241	13.02526	77.68171
242	13.02531	77.68170
243	13.02537	77.68169
244	13.02544	77.68169
245	13.02552	77.68169
246	13.02560	77.68170
247	13.02566	77.68171
248	13.02572	77.68172
249	13.02578	77.68173
250	13.02586	77.68173
251	13.02592	77.68174
252	13.02600	77.68175
253	13.02607	77.68176
254	13.02614	77.68177
255	13.02619	77.68178
256	13.02626	77.68178
257	13.02631	77.68179
258	13.02638	77.68180
259	13.02646	77.68181
260	13.02652	77.68183
261	13.02660	77.68185
262	13.02666	77.68185
263	13.02673	77.68186
264	13.02679	77.68187
265	13.02685	77.68190
266	13.02690	77.68191
267	13.02698	77.68192
268	13.02703	77.68194
269	13.02712	77.68196
270	13.02719	77.68199
271	13.02724	77.68200
272	13.02730	77.68202
273	13.02736	77.68202
274	13.02741	77.68204
275	13.02748	77.68206
276	13.02754	77.68207
277	13.02760	77.68208
278	13.02768	77.68208
279	13.02775	77.68209
280	13.02782	77.68209
281	13.02789	77.68209
282	13.02796	77.68209
283	13.02802	77.68208
284	13.02808	77.68207
285	13.02814	77.68207
286	13.02822	77.68205
287	13.02829	77.68204
288	13.02837	77.68203
289	13.02843	77.68202
290	13.02849	77.68202
291	13.02855	77.68202
292	13.02862	77.68202
293	13.02868	77.68202
294	13.02874	77.68202
295	13.02881	77.68202
296	13.02889	77.68202
297	13.02895	77.68202
298	13.02903	77.68203
299	13.02910	77.68203
300	13.02917	77.68203
301	13.02924	77.68203
302	13.02932	77.68205
303	13.02939	77.68205
304	13.02945	77.68206
305	13.02952	77.68206
306	13.02958	77.68206
307	13.02964	77.68206
308	13.02970	77.68206
309	13.02976	77.68206
310	13.02983	77.68206
311	13.02991	77.68206
312	13.02998	77.68206
313	13.03004	77.68206
314	13.03010	77.68207
315	13.03016	77.68207
316	13.03022	77.68208
317	13.03029	77.68208
318	13.03035	77.68208
319	13.03048	77.68208
320	13.03054	77.68208
321	13.03059	77.68208
322	13.03068	77.68208
323	13.03074	77.68208
324	13.03080	77.68207
325	13.03088	77.68207
326	13.03093	77.68207
327	13.03100	77.68206
328	13.03107	77.68206
329	13.03114	77.68206
330	13.03121	77.68208
331	13.03126	77.68208
332	13.03132	77.68209
333	13.03140	77.68210
334	13.03148	77.68212
335	13.03154	77.68212
336	13.03161	77.68213
337	13.03168	77.68214
338	13.03176	77.68214
339	13.03184	77.68214
340	13.03191	77.68215
341	13.03196	77.68216
342	13.03206	77.68216
343	13.03213	77.68217
344	13.03221	77.68217
345	13.03227	77.68217
346	13.03234	77.68217
347	13.03241	77.68217
348	13.03247	77.68217
349	13.03253	77.68216
350	13.03260	77.68216
351	13.03267	77.68216
352	13.03273	77.68217
353	13.03279	77.68217
354	13.03285	77.68217
355	13.03290	77.68217
356	13.03296	77.68217
357	13.03302	77.68217
358	13.03308	77.68217
359	13.03315	77.68218
360	13.03322	77.68218
361	13.03330	77.68219
362	13.03336	77.68219
363	13.03341	77.68220
364	13.03349	77.68221
365	13.03354	77.68222
366	13.03361	77.68223
367	13.03367	77.68224
368	13.03372	77.68224
369	13.03379	77.68224
370	13.03384	77.68224
371	13.03390	77.68225
372	13.03396	77.68226
373	13.03404	77.68227
374	13.03411	77.68228
375	13.03417	77.68228
376	13.03422	77.68228
377	13.03430	77.68229
378	13.03436	77.68230
379	13.03443	77.68230
380	13.03449	77.68230
381	13.03455	77.68230
382	13.03461	77.68230
383	13.03467	77.68230
384	13.03475	77.68230
385	13.03482	77.68230
386	13.03489	77.68230
387	13.03495	77.68231
388	13.03501	77.68231
389	13.03508	77.68231
390	13.03516	77.68232
391	13.03524	77.68232
392	13.03530	77.68232
393	13.03539	77.68232
394	13.03547	77.68232
395	13.03554	77.68232
396	13.03559	77.68232
397	13.03566	77.68232
398	13.03572	77.68232
399	13.03579	77.68232
400	13.03587	77.68232
401	13.03594	77.68232
402	13.03601	77.68234
403	13.03606	77.68234
404	13.03612	77.68235
405	13.03621	77.68236
406	13.03628	77.68237
407	13.03635	77.68237
408	13.03641	77.68237
409	13.03648	77.68237
410	13.03653	77.68237
411	13.03659	77.68237
412	13.03665	77.68237
413	13.03670	77.68239
414	13.03674	77.68246
415	13.03677	77.68254
416	13.03680	77.68259
417	13.03684	77.68266
418	13.03689	77.68271
419	13.03695	77.68277
420	13.03700	77.68283
421	13.03706	77.68288
422	13.03711	77.68294
423	13.03718	77.68298
424	13.03724	77.68303
425	13.03730	77.68306
426	13.03737	77.68310
427	13.03744	77.68314
428	13.03752	77.68319
429	13.03757	77.68323
430	13.03763	77.68327
431	13.03768	77.68330
432	13.03775	77.68333
433	13.03782	77.68337
434	13.03788	77.68339
435	13.03793	77.68340
436	13.03799	77.68342
437	13.03806	77.68344
438	13.03813	77.68346
439	13.03820	77.68348
440	13.03827	77.68349
441	13.03832	77.68351
442	13.03839	77.68352
443	13.03844	77.68353
444	13.03850	77.68355
445	13.03856	77.68357
446	13.03864	77.68359
447	13.03871	77.68361
448	13.03876	77.68363
449	13.03882	77.68364
450	13.03888	77.68366
451	13.03893	77.68368
452	13.03901	77.68370
453	13.03907	77.68371
454	13.03914	77.68372
455	13.03921	77.68374
456	13.03927	77.68375
457	13.03932	77.68377
458	13.03937	77.68379
459	13.03943	77.68380
460	13.03950	77.68381
461	13.03957	77.68382
462	13.03964	77.68383
463	13.03972	77.68384
464	13.03980	77.68384
465	13.03987	77.68385
466	13.03993	77.68386
467	13.04001	77.68386
468	13.04008	77.68386
469	13.04015	77.68387
470	13.04021	77.68387
471	13.04029	77.68388
472	13.04036	77.68389
473	13.04044	77.68389
474	13.04051	77.68389
475	13.04059	77.68389
476	13.04067	77.68389
477	13.04075	77.68389
478	13.04082	77.68389
479	13.04087	77.68390
480	13.04093	77.68391
481	13.04100	77.68392
482	13.04107	77.68393
483	13.04112	77.68395
484	13.04118	77.68396
485	13.04125	77.68398
486	13.04131	77.68399
487	13.04137	77.68400
488	13.04144	77.68401
489	13.04149	77.68403
490	13.04156	77.68404
491	13.04163	77.68406
492	13.04168	77.68407
493	13.04176	77.68409
494	13.04182	77.68411
495	13.04187	77.68412
496	13.04193	77.68413
497	13.04199	77.68414
498	13.04205	77.68414
499	13.04210	77.68415
500	13.04216	77.68415
501	13.04222	77.68417
502	13.04228	77.68418
503	13.04235	77.68419
504	13.04240	77.68420
505	13.04246	77.68422
506	13.04253	77.68423
507	13.04258	77.68424
508	13.04263	77.68425
509	13.04271	77.68426
510	13.04277	77.68426
511	13.04284	77.68427
512	13.04292	77.68428
513	13.04299	77.68429
514	13.04305	77.68430
515	13.04312	77.68431
516	13.04318	77.68431
517	13.04324	77.68433
518	13.04330	77.68434
519	13.04337	77.68434
520	13.04344	77.68435
521	13.04349	77.68436
522	13.04356	77.68436
523	13.04363	77.68436
524	13.04368	77.68436
525	13.04375	77.68436
526	13.04381	77.68437
527	13.04388	77.68438
528	13.04394	77.68438
529	13.04400	77.68438
530	13.04407	77.68438
531	13.04413	77.68438
532	13.04418	77.68438
533	13.04426	77.68438
534	13.04433	77.68438
535	13.04439	77.68438
536	13.04445	77.68438
537	13.04451	77.68438
538	13.04457	77.68438
539	13.04466	77.68438
540	13.04473	77.68438
541	13.04478	77.68438
542	13.04484	77.68438
543	13.04491	77.68438
544	13.04498	77.68438
545	13.04505	77.68438
546	13.04511	77.68440
547	13.04518	77.68441
548	13.04523	77.68441
549	13.04529	77.68441
550	13.04536	77.68442
551	13.04545	77.68442
552	13.04551	77.68442
553	13.04558	77.68442
554	13.04564	77.68442
555	13.04571	77.68442
556	13.04578	77.68442
557	13.04585	77.68442
558	13.04592	77.68442
559	13.04597	77.68442
560	13.04604	77.68442
561	13.04610	77.68442
562	13.04615	77.68441
563	13.04621	77.68441
564	13.04627	77.68441
565	13.04633	77.68441
566	13.04638	77.68441
567	13.04644	77.68441
568	13.04651	77.68441
569	13.04658	77.68441
570	13.04663	77.68441
571	13.04669	77.68441
572	13.04674	77.68441
573	13.04682	77.68441
574	13.04687	77.68441
575	13.04694	77.68441
576	13.04700	77.68441
577	13.04705	77.68441
578	13.04713	77.68441
579	13.04719	77.68442
580	13.04724	77.68443
581	13.04730	77.68444
582	13.04735	77.68445
583	13.04741	77.68445
584	13.04749	77.68447
585	13.04754	77.68447
586	13.04760	77.68448
587	13.04766	77.68449
588	13.04772	77.68449
589	13.04780	77.68449
590	13.04787	77.68449
591	13.04795	77.68449
592	13.04801	77.68448
593	13.04807	77.68447
594	13.04814	77.68446
595	13.04820	77.68445
596	13.04827	77.68444
597	13.04834	77.68442
598	13.04842	77.68440
599	13.04848	77.68438
600	13.04854	77.68436
601	13.04860	77.68435
602	13.04866	77.68435
603	13.04872	77.68434
604	13.04878	77.68434
605	13.04885	77.68434
606	13.04892	77.68434
607	13.04900	77.68434
608	13.04910	77.68434
609	13.04916	77.68433
610	13.04922	77.68432
611	13.04927	77.68430
612	13.04933	77.68429
613	13.04940	77.68426
614	13.04945	77.68425
615	13.04953	77.68422
616	13.04958	77.68421
617	13.04964	77.68419
618	13.04970	77.68418
619	13.04977	77.68415
620	13.04983	77.68413
621	13.04988	77.68412
622	13.04994	77.68411
623	13.04999	77.68409
624	13.05006	77.68409
625	13.05012	77.68407
626	13.05019	77.68405
627	13.05026	77.68405
628	13.05034	77.68405
629	13.05042	77.68405
630	13.05049	77.68405
631	13.05055	77.68403
632	13.05062	77.68401
633	13.05069	77.68398
634	13.05075	77.68397
635	13.05080	77.68395
636	13.05087	77.68391
637	13.05094	77.68388
638	13.05100	77.68385
639	13.05107	77.68382
640	13.05113	77.68378
641	13.05119	77.68375
642	13.05126	77.68371
643	13.05134	77.68367
644	13.05140	77.68363
645	13.05146	77.68359
646	13.05151	77.68354
647	13.05158	77.68348
648	13.05164	77.68343
649	13.05171	77.68337
650	13.05175	77.68331
651	13.05181	77.68324
652	13.05186	77.68317
653	13.05191	77.68311
654	13.05196	77.68304
655	13.05201	77.68298
656	13.05206	77.68291
657	13.05211	77.68285
658	13.05215	77.68280
659	13.05219	77.68274
660	13.05224	77.68268
661	13.05228	77.68262
662	13.05231	77.68257
663	13.05235	77.68251
664	13.05238	77.68245
665	13.05240	77.68238
666	13.05242	77.68232
667	13.05243	77.68227
668	13.05245	77.68221
669	13.05246	77.68216
670	13.05249	77.68208
671	13.05250	77.68203
672	13.05253	77.68195
673	13.05256	77.68188
674	13.05259	77.68182
675	13.05260	77.68177
676	13.05262	77.68171
677	13.05263	77.68164
678	13.05266	77.68156
679	13.05267	77.68149
680	13.05269	77.68144
681	13.05270	77.68137
682	13.05272	77.68129
683	13.05274	77.68124
684	13.05276	77.68116
685	13.05277	77.68109
686	13.05278	77.68103
687	13.05279	77.68096
688	13.05280	77.68091
689	13.05282	77.68085
690	13.05282	77.68079
691	13.05283	77.68072
692	13.05285	77.68065
693	13.05286	77.68057
694	13.05287	77.68049
695	13.05288	77.68041
696	13.05290	77.68033
697	13.05292	77.68027
698	13.05295	77.68020
699	13.05296	77.68013
700	13.05299	77.68006
701	13.05301	77.67999
702	13.05303	77.67993
703	13.05305	77.67987
704	13.05308	77.67981
705	13.05310	77.67974
706	13.05313	77.67966
707	13.05317	77.67959
708	13.05321	77.67951
709	13.05326	77.67945
710	13.05330	77.67937
711	13.05334	77.67931
712	13.05338	77.67924
713	13.05342	77.67918
714	13.05346	77.67911
715	13.05349	77.67906
716	13.05353	77.67899
717	13.05357	77.67892
718	13.05360	77.67885
719	13.05356	77.67878
720	13.05349	77.67873
721	13.05343	77.67868
722	13.05336	77.67862
723	13.05329	77.67856
724	13.05323	77.67851
725	13.05317	77.67845
726	13.05312	77.67840
727	13.05307	77.67835
728	13.05301	77.67829
729	13.05296	77.67823
730	13.05292	77.67817
731	13.05287	77.67811
732	13.05281	77.67805
733	13.05277	77.67799
734	13.05270	77.67791
735	13.05266	77.67785
736	13.05261	77.67779
737	13.05257	77.67772
738	13.05253	77.67765
739	13.05249	77.67757
740	13.05246	77.67750
741	13.05243	77.67744
742	13.05240	77.67737
743	13.05237	77.67730
744	13.05233	77.67724
745	13.05231	77.67717
746	13.05228	77.67710
747	13.05226	77.67704
748	13.05224	77.67698
749	13.05221	77.67691
750	13.05220	77.67685
751	13.05218	77.67679
752	13.05217	77.67672
753	13.05215	77.67666
754	13.05213	77.67659
755	13.05211	77.67651
756	13.05210	77.67644
757	13.05208	77.67638
758	13.05207	77.67631
759	13.05205	77.67623
760	13.05204	77.67615
761	13.05202	77.67607
762	13.05201	77.67599
763	13.05200	77.67591
764	13.05199	77.67585
765	13.05197	77.67578
766	13.05196	77.67573
767	13.05195	77.67567
768	13.05193	77.67560
769	13.05193	77.67554
770	13.05192	77.67548
771	13.05191	77.67541
772	13.05189	77.67533
773	13.05187	77.67528
774	13.05186	77.67522
775	13.05184	77.67515
776	13.05182	77.67510
777	13.05181	77.67504
778	13.05179	77.67498
779	13.05177	77.67493
780	13.05176	77.67487
781	13.05174	77.67481
782	13.05172	77.67475
783	13.05170	77.67469
784	13.05168	77.67463
785	13.05167	77.67457
786	13.05165	77.67451
787	13.05162	77.67445
788	13.05159	77.67437
789	13.05157	77.67431
790	13.05154	77.67425
791	13.05151	77.67419
792	13.05148	77.67412
793	13.05146	77.67405
794	13.05145	77.67399
795	13.05144	77.67391
796	13.05143	77.67386
797	13.05141	77.67376
798	13.05139	77.67369
799	13.05137	77.67364
800	13.05136	77.67356
801	13.05134	77.67350
802	13.05133	77.67345
803	13.05131	77.67339
804	13.05125	77.67334
805	13.05119	77.67332
806	13.05114	77.67329
807	13.05109	77.67326
808	13.05103	77.67322
809	13.05097	77.67319
810	13.05091	77.67314
811	13.05086	77.67312
812	13.05078	77.67308
813	13.05072	77.67304
814	13.05064	77.67299
815	13.05058	77.67295
816	13.05058	77.67288
817	13.05060	77.67281
818	13.05063	77.67275
819	13.05064	77.67269
820	13.05067	77.67262
821	13.05070	77.67254
822	13.05071	77.67247
823	13.05071	77.67240
824	13.05070	77.67232
825	13.05069	77.67226
826	13.05069	77.67219
827	13.05069	77.67213
828	13.05068	77.67207
829	13.05067	77.67200
830	13.05065	77.67193
831	13.05064	77.67186
832	13.05063	77.67180
833	13.05062	77.67173
834	13.05060	77.67167
835	13.05058	77.67162
836	13.05055	77.67154
837	13.05053	77.67148
838	13.05049	77.67141
839	13.05046	77.67135
840	13.05041	77.67127
841	13.05038	77.67120
842	13.05034	77.67115
843	13.05029	77.67108
844	13.05026	77.67101
845	13.05022	77.67094
846	13.05019	77.67088
847	13.05013	77.67080
848	13.05006	77.67073
849	13.04999	77.67066
850	13.04994	77.67061
851	13.04987	77.67055
852	13.04982	77.67051
853	13.04976	77.67047
854	13.04970	77.67044
855	13.04964	77.67041
856	13.04958	77.67038
857	13.04952	77.67036
858	13.04944	77.67034
859	13.04937	77.67034
860	13.04932	77.67034
861	13.04925	77.67032
862	13.04919	77.67030
863	13.04914	77.67027
864	13.04908	77.67025
865	13.04901	77.67022
866	13.04893	77.67018
867	13.04886	77.67015
868	13.04881	77.67012
869	13.04874	77.67009
870	13.04866	77.67005
871	13.04860	77.67004
872	13.04853	77.67001
873	13.04847	77.66998
874	13.04842	77.66997
875	13.04835	77.66995
876	13.04828	77.66993
877	13.04821	77.66992
878	13.04815	77.66989
879	13.04810	77.66988
880	13.04803	77.66986
881	13.04796	77.66984
882	13.04790	77.66981
883	13.04784	77.66979
884	13.04778	77.66976
885	13.04771	77.66973
886	13.04763	77.66969
887	13.04758	77.66966
888	13.04752	77.66963
889	13.04745	77.66959
890	13.04739	77.66956
891	13.04734	77.66953
892	13.04728	77.66951
893	13.04722	77.66948
894	13.04716	77.66945
895	13.04711	77.66944
896	13.04703	77.66942
897	13.04698	77.66941
898	13.04691	77.66939
899	13.04684	77.66937
900	13.04675	77.66935
901	13.04667	77.66932
902	13.04660	77.66931
903	13.04654	77.66930
904	13.04646	77.66929
905	13.04640	77.66927
906	13.04634	77.66925
907	13.04628	77.66922
908	13.04621	77.66919
909	13.04616	77.66917
910	13.04611	77.66914
911	13.04605	77.66910
912	13.04599	77.66908
913	13.04594	77.66906
914	13.04587	77.66902
915	13.04581	77.66899
916	13.04574	77.66895
917	13.04566	77.66890
918	13.04559	77.66884
919	13.04554	77.66878
920	13.04550	77.66872
921	13.04547	77.66867
922	13.04543	77.66861
923	13.04539	77.66855
924	13.04534	77.66848
925	13.04531	77.66842
926	13.04529	77.66836
927	13.04526	77.66829
928	13.04524	77.66821
929	13.04523	77.66815
930	13.04522	77.66808
931	13.04522	77.66802
932	13.04522	77.66794
933	13.04523	77.66786
934	13.04524	77.66780
935	13.04522	77.66773
936	13.04521	77.66767
937	13.04521	77.66759
938	13.04521	77.66752
939	13.04521	77.66744
940	13.04521	77.66738
941	13.04521	77.66730
942	13.04521	77.66723
943	13.04522	77.66717
944	13.04523	77.66710
945	13.04524	77.66705
946	13.04527	77.66697
947	13.04529	77.66689
948	13.04531	77.66681
949	13.04533	77.66675
950	13.04533	77.66669
951	13.04533	77.66661
952	13.04533	77.66654
953	13.04534	77.66647
954	13.04534	77.66640
955	13.04534	77.66634
956	13.04534	77.66627
957	13.04533	77.66619
958	13.04532	77.66613
959	13.04531	77.66606
960	13.04529	77.66600
961	13.04529	77.66594
962	13.04528	77.66586
963	13.04528	77.66579
964	13.04528	77.66572
965	13.04528	77.66566
966	13.04528	77.66559
967	13.04528	77.66552
968	13.04528	77.66545
969	13.04528	77.66539
970	13.04528	77.66531
971	13.04528	77.66524
972	13.04528	77.66519
973	13.04528	77.66510
974	13.04528	77.66502
975	13.04528	77.66495
976	13.04528	77.66489
977	13.04528	77.66483
978	13.04528	77.66475
979	13.04528	77.66469
980	13.04528	77.66463
981	13.04527	77.66456
982	13.04527	77.66448
983	13.04526	77.66443
984	13.04526	77.66436
985	13.04526	77.66429
986	13.04526	77.66423
987	13.04526	77.66416
988	13.04526	77.66410
989	13.04527	77.66404
990	13.04528	77.66398
991	13.04528	77.66390
992	13.04530	77.66381
993	13.04531	77.66375
994	13.04531	77.66369
995	13.04525	77.66366
996	13.04518	77.66364
997	13.04511	77.66364
998	13.04502	77.66362
999	13.04495	77.66362
1000	13.04489	77.66361
1001	13.04481	77.66361
1002	13.04476	77.66361
1003	13.04470	77.66361
1004	13.04465	77.66361
1005	13.04460	77.66361
1006	13.04455	77.66361
1007	13.04448	77.66361
1008	13.04441	77.66361
1009	13.04433	77.66361
1010	13.04426	77.66362
1011	13.04421	77.66362
1012	13.04415	77.66362
1013	13.04408	77.66362
1014	13.04401	77.66362
1015	13.04391	77.66362
1016	13.04386	77.66362
1017	13.04381	77.66362
1018	13.04375	77.66362
1019	13.04370	77.66362
1020	13.04364	77.66361
1021	13.04357	77.66360
1022	13.04350	77.66360
1023	13.04344	77.66360
1024	13.04338	77.66359
1025	13.04331	77.66357
1026	13.04325	77.66357
1027	13.04318	77.66357
1028	13.04313	77.66357
1029	13.04307	77.66358
1030	13.04300	77.66358
1031	13.04293	77.66357
1032	13.04286	77.66357
1033	13.04281	77.66357
1034	13.04275	77.66357
1035	13.04268	77.66357
1036	13.04262	77.66357
1037	13.04256	77.66357
1038	13.04250	77.66358
1039	13.04244	77.66358
1040	13.04238	77.66359
1041	13.04233	77.66359
1042	13.04225	77.66360
1043	13.04218	77.66361
1044	13.04211	77.66361
1045	13.04204	77.66361
1046	13.04196	77.66362
1047	13.04190	77.66362
1048	13.04184	77.66363
1049	13.04176	77.66363
1050	13.04169	77.66364
1051	13.04163	77.66364
1052	13.04157	77.66365
1053	13.04151	77.66365
1054	13.04144	77.66366
1055	13.04136	77.66366
1056	13.04129	77.66367
1057	13.04122	77.66368
1058	13.04116	77.66369
1059	13.04109	77.66368
1060	13.04103	77.66367
1061	13.04096	77.66365
1062	13.04091	77.66363
1063	13.04084	77.66362
1064	13.04076	77.66362
1065	13.04070	77.66362
1066	13.04062	77.66362
1067	13.04057	77.66361
1068	13.04052	77.66361
1069	13.04044	77.66361
1070	13.04037	77.66361
1071	13.04032	77.66360
1072	13.04025	77.66359
1073	13.04020	77.66358
1074	13.04013	77.66358
1075	13.04007	77.66357
1076	13.04000	77.66357
1077	13.03994	77.66356
1078	13.03989	77.66356
1079	13.03980	77.66356
1080	13.03974	77.66355
1081	13.03967	77.66354
1082	13.03961	77.66354
1083	13.03953	77.66353
1084	13.03945	77.66353
1085	13.03939	77.66353
1086	13.03933	77.66353
1087	13.03927	77.66353
1088	13.03922	77.66353
1089	13.03916	77.66353
1090	13.03909	77.66353
1091	13.03900	77.66353
1092	13.03894	77.66353
1093	13.03886	77.66353
1094	13.03878	77.66353
1095	13.03871	77.66353
1096	13.03864	77.66353
1097	13.03856	77.66353
1098	13.03849	77.66351
1099	13.03843	77.66351
1100	13.03838	77.66350
1101	13.03832	77.66350
1102	13.03823	77.66349
1103	13.03814	77.66349
1104	13.03808	77.66348
1105	13.03802	77.66347
1106	13.03796	77.66347
1107	13.03791	77.66346
1108	13.03785	77.66346
1109	13.03778	77.66346
1110	13.03771	77.66346
1111	13.03765	77.66346
1112	13.03759	77.66345
1113	13.03752	77.66345
1114	13.03746	77.66345
1115	13.03739	77.66344
1116	13.03733	77.66344
1117	13.03727	77.66344
1118	13.03721	77.66344
1119	13.03714	77.66344
1120	13.03709	77.66343
1121	13.03703	77.66343
1122	13.03698	77.66343
1123	13.03691	77.66343
1124	13.03686	77.66343
1125	13.03680	77.66343
1126	13.03672	77.66343
1127	13.03667	77.66342
1128	13.03660	77.66342
1129	13.03653	77.66343
1130	13.03646	77.66343
1131	13.03638	77.66343
1132	13.03631	77.66343
1133	13.03626	77.66343
1134	13.03618	77.66343
1135	13.03613	77.66343
1136	13.03606	77.66343
1137	13.03600	77.66343
1138	13.03592	77.66343
1139	13.03587	77.66343
1140	13.03580	77.66344
1141	13.03572	77.66344
1142	13.03567	77.66344
1143	13.03560	77.66343
1144	13.03552	77.66343
1145	13.03544	77.66342
1146	13.03538	77.66340
1147	13.03531	77.66340
1148	13.03524	77.66340
1149	13.03516	77.66340
1150	13.03509	77.66340
1151	13.03502	77.66340
1152	13.03497	77.66340
1153	13.03492	77.66340
1154	13.03486	77.66341
1155	13.03480	77.66342
1156	13.03473	77.66342
1157	13.03464	77.66344
1158	13.03458	77.66344
1159	13.03450	77.66346
1160	13.03444	77.66346
1161	13.03438	77.66347
1162	13.03433	77.66347
1163	13.03427	77.66347
1164	13.03418	77.66348
1165	13.03413	77.66348
1166	13.03405	77.66349
1167	13.03399	77.66353
1168	13.03393	77.66356
1169	13.03387	77.66359
1170	13.03380	77.66362
1171	13.03375	77.66365
1172	13.03370	77.66369
1173	13.03365	77.66373
1174	13.03357	77.66380
1175	13.03349	77.66386
1176	13.03344	77.66391
1177	13.03337	77.66397
1178	13.03330	77.66401
1179	13.03322	77.66406
1180	13.03316	77.66409
1181	13.03311	77.66413
1182	13.03302	77.66420
1183	13.03295	77.66425
1184	13.03290	77.66429
1185	13.03283	77.66434
1186	13.03277	77.66438
1187	13.03272	77.66443
1188	13.03264	77.66449
1189	13.03257	77.66455
1190	13.03250	77.66461
1191	13.03244	77.66468
1192	13.03241	77.66475
1193	13.03237	77.66481
1194	13.03234	77.66488
1195	13.03229	77.66494
1196	13.03225	77.66499
1197	13.03218	77.66506
1198	13.03213	77.66510
1199	13.03206	77.66515
1200	13.03199	77.66520
1201	13.03192	77.66524
1202	13.03185	77.66528
1203	13.03177	77.66532
1204	13.03170	77.66535
1205	13.03164	77.66538
1206	13.03158	77.66540
1207	13.03151	77.66544
1208	13.03145	77.66547
1209	13.03140	77.66549
1210	13.03133	77.66552
1211	13.03127	77.66555
1212	13.03121	77.66558
1213	13.03113	77.66562
1214	13.03107	77.66564
1215	13.03102	77.66567
1216	13.03096	77.66568
1217	13.03091	77.66571
1218	13.03085	77.66574
1219	13.03080	77.66577
1220	13.03073	77.66581
1221	13.03065	77.66584
1222	13.03060	77.66586
1223	13.03052	77.66589
1224	13.03046	77.66591
1225	13.03039	77.66593
1226	13.03033	77.66596
1227	13.03028	77.66598
1228	13.03021	77.66600
1229	13.03015	77.66602
1230	13.03009	77.66605
1231	13.03002	77.66610
1232	13.02995	77.66613
1233	13.02990	77.66616
1234	13.02983	77.66620
1235	13.02974	77.66625
1236	13.02966	77.66630
1237	13.02960	77.66636
1238	13.02954	77.66641
1239	13.02949	77.66645
1240	13.02942	77.66651
1241	13.02934	77.66657
1242	13.02928	77.66665
1243	13.02923	77.66671
1244	13.02918	77.66677
1245	13.02912	77.66684
1246	13.02905	77.66691
1247	13.02900	77.66695
1248	13.02893	77.66701
1249	13.02887	77.66707
1250	13.02880	77.66713
1251	13.02874	77.66717
1252	13.02867	77.66723
1253	13.02861	77.66727
1254	13.02854	77.66733
1255	13.02848	77.66738
1256	13.02840	77.66744
1257	13.02834	77.66748
1258	13.02829	77.66751
1259	13.02823	77.66753
1260	13.02817	77.66758
1261	13.02810	77.66761
1262	13.02804	77.66766
1263	13.02797	77.66770
1264	13.02789	77.66777
1265	13.02784	77.66782
1266	13.02777	77.66787
1267	13.02771	77.66791
1268	13.02764	77.66797
1269	13.02758	77.66803
1270	13.02752	77.66807
1271	13.02745	77.66813
1272	13.02739	77.66817
1273	13.02733	77.66822
1274	13.02727	77.66828
1275	13.02721	77.66836
1276	13.02716	77.66843
1277	13.02710	77.66850
1278	13.02704	77.66857
1279	13.02698	77.66862
1280	13.02691	77.66869
1281	13.02686	77.66873
1282	13.02680	77.66877
1283	13.02672	77.66883
1284	13.02667	77.66887
1285	13.02659	77.66893
1286	13.02654	77.66898
1287	13.02647	77.66903
1288	13.02641	77.66908
1289	13.02634	77.66914
1290	13.02627	77.66919
1291	13.02620	77.66924
1292	13.02615	77.66929
1293	13.02609	77.66934
1294	13.02603	77.66938
1295	13.02598	77.66942
1296	13.02591	77.66949
1297	13.02584	77.66955
1298	13.02578	77.66961
1299	13.02574	77.66967
1300	13.02568	77.66972
1301	13.02564	77.66978
1302	13.02557	77.66984
1303	13.02551	77.66989
1304	13.02546	77.66993
1305	13.02538	77.67000
1306	13.02533	77.67004
1307	13.02527	77.67010
1308	13.02522	77.67015
1309	13.02517	77.67019
1310	13.02511	77.67024
1311	13.02504	77.67031
1312	13.02497	77.67036
1313	13.02490	77.67041
1314	13.02484	77.67044
1315	13.02479	77.67047
1316	13.02472	77.67051
1317	13.02467	77.67053
1318	13.02460	77.67058
1319	13.02455	77.67064
1320	13.02449	77.67070
1321	13.02443	77.67075
1322	13.02437	77.67078
1323	13.02429	77.67085
1324	13.02423	77.67089
1325	13.02417	77.67093
1326	13.02410	77.67098
1327	13.02405	77.67101
1328	13.02399	77.67106
1329	13.02391	77.67111
1330	13.02384	77.67115
1331	13.02376	77.67121
1332	13.02369	77.67127
1333	13.02363	77.67131
1334	13.02357	77.67136
1335	13.02352	77.67141
1336	13.02344	77.67147
1337	13.02336	77.67154
1338	13.02328	77.67160
1339	13.02322	77.67165
1340	13.02315	77.67171
1341	13.02309	77.67176
1342	13.02303	77.67182
1343	13.02297	77.67188
1344	13.02293	77.67194
1345	13.02287	77.67200
1346	13.02283	77.67206
1347	13.02277	77.67213
1348	13.02271	77.67221
1349	13.02265	77.67228
1350	13.02262	77.67234
1351	13.02257	77.67239
1352	13.02253	77.67245
1353	13.02249	77.67250
1354	13.02244	77.67254
1355	13.02238	77.67262
1356	13.02233	77.67269
1357	13.02238	77.67273
1358	13.02243	77.67280
1359	13.02241	77.67288
1360	13.02241	77.67294
1361	13.02240	77.67301
1362	13.02240	77.67309
1363	13.02240	77.67316
1364	13.02240	77.67322
1365	13.02239	77.67328
1366	13.02238	77.67334
1367	13.02238	77.67340
1368	13.02237	77.67346
1369	13.02236	77.67352
1370	13.02236	77.67358
1371	13.02235	77.67365
1372	13.02234	77.67372
1373	13.02233	77.67378
1374	13.02232	77.67384
1375	13.02232	77.67392
1376	13.02231	77.67400
1377	13.02230	77.67406
1378	13.02229	77.67412
1379	13.02228	77.67418
1380	13.02227	77.67426
1381	13.02226	77.67434
1382	13.02226	77.67441
1383	13.02225	77.67448
1384	13.02224	77.67453
1385	13.02224	77.67460
1386	13.02222	77.67467
1387	13.02222	77.67474
1388	13.02221	77.67482
1389	13.02220	77.67489
1390	13.02220	77.67495
1391	13.02218	77.67502
1392	13.02218	77.67508
1393	13.02217	77.67514
1394	13.02216	77.67519
1395	13.02216	77.67527
1396	13.02216	77.67532
1397	13.02207	77.67537
1398	13.02200	77.67538
1399	13.02194	77.67538
1400	13.02186	77.67539
1401	13.02179	77.67539
1402	13.02173	77.67540
1403	13.02166	77.67540
1404	13.02160	77.67540
1405	13.02153	77.67541
1406	13.02145	77.67542
1407	13.02136	77.67542
1408	13.02128	77.67542
1409	13.02120	77.67543
1410	13.02113	77.67544
1411	13.02106	77.67545
1412	13.02101	77.67545
1413	13.02095	77.67545
1414	13.02087	77.67545
1415	13.02082	77.67545
1416	13.02074	77.67545
1417	13.02068	77.67546
1418	13.02062	77.67547
1419	13.02057	77.67540
1420	13.02055	77.67533
1421	13.02054	77.67526
1422	13.02053	77.67519
1423	13.02050	77.67514
1424	13.02048	77.67509
1425	13.02045	77.67503
1426	13.02042	77.67497
1427	13.02039	77.67490
1428	13.02034	77.67484
1429	13.02031	77.67479
1430	13.02025	77.67472
1431	13.02018	77.67464
1432	13.02013	77.67458
1433	13.02007	77.67451
1434	13.02006	77.67458
1435	13.02004	77.67464
1436	13.02002	77.67470
1437	13.01999	77.67475
1438	13.01995	77.67482
1439	13.01990	77.67490
1440	13.01987	77.67497
1441	13.01984	77.67503
1442	13.01981	77.67509
1443	13.01978	77.67515
1444	13.01974	77.67522
1445	13.01971	77.67529
1446	13.01968	77.67534
1447	13.01965	77.67540
1448	13.01962	77.67546
1449	13.01959	77.67552
1450	13.01956	77.67557
1451	13.01953	77.67563
1452	13.01950	77.67569
1453	13.01948	77.67574
1454	13.01945	77.67581
1455	13.01942	77.67586
1456	13.01940	77.67593
1457	13.01937	77.67600
1458	13.01932	77.67608
1459	13.01929	77.67614
1460	13.01922	77.67614
1461	13.01917	77.67611
1462	13.01911	77.67608
1463	13.01905	77.67605
1464	13.01900	77.67602
1465	13.01894	77.67599
1466	13.01888	77.67596
1467	13.01881	77.67595
1468	13.01875	77.67592
1469	13.01869	77.67590
1470	13.01862	77.67588
1471	13.01857	77.67584
1472	13.01849	77.67582
1473	13.01842	77.67579
1474	13.01836	77.67576
1475	13.01829	77.67574
1476	13.01824	77.67573
1477	13.01818	77.67570
1478	13.01810	77.67568
1479	13.01804	77.67567
1480	13.01798	77.67567
1481	13.01793	77.67568
1482	13.01787	77.67568
1483	13.01780	77.67568
1484	13.01772	77.67567
1485	13.01767	77.67565
1486	13.01760	77.67564
1487	13.01754	77.67562
1488	13.01749	77.67560
1489	13.01741	77.67559
1490	13.01733	77.67556
1491	13.01728	77.67559
1492	13.01726	77.67565
1493	13.01726	77.67571
1494	13.01724	77.67577
1495	13.01722	77.67583
1496	13.01716	77.67586
1497	13.01708	77.67584
1498	13.01701	77.67582
1499	13.01696	77.67581
1500	13.01689	77.67578
1501	13.01684	77.67577
1502	13.01678	77.67577
1503	13.01671	77.67576
1504	13.01665	77.67575
1505	13.01657	77.67574
1506	13.01650	77.67573
1507	13.01644	77.67573
1508	13.01637	77.67572
1509	13.01631	77.67571
1510	13.01625	77.67570
1511	13.01617	77.67569
1512	13.01608	77.67567
1513	13.01602	77.67565
1514	13.01596	77.67564
1515	13.01589	77.67563
1516	13.01581	77.67562
1517	13.01574	77.67561
1518	13.01566	77.67559
1519	13.01557	77.67558
1520	13.01550	77.67556
1521	13.01544	77.67554
1522	13.01543	77.67546
1523	13.01545	77.67540
1524	13.01546	77.67534
1525	13.01549	77.67528
1526	13.01551	77.67520
1527	13.01552	77.67514
1528	13.01553	77.67508
1529	13.01547	77.67502
1530	13.01540	77.67500
1531	13.01535	77.67499
1532	13.01527	77.67497
1533	13.01520	77.67495
1534	13.01514	77.67494
1535	13.01508	77.67494
1536	13.01501	77.67493
1537	13.01494	77.67492
1538	13.01489	77.67490
1539	13.01487	77.67496
1540	13.01486	77.67502
1541	13.01484	77.67509
1542	13.01480	77.67515
1543	13.01476	77.67520
1544	13.01473	77.67526
1545	13.01470	77.67532
1546	13.01466	77.67539
1547	13.01463	77.67545
1548	13.01460	77.67551
1549	13.01457	77.67557
1550	13.01455	77.67563
1551	13.01453	77.67569
1552	13.01452	77.67576
1553	13.01449	77.67583
1554	13.01448	77.67588
1555	13.01445	77.67593
1556	13.01442	77.67600
1557	13.01439	77.67606
1558	13.01435	77.67614
1559	13.01432	77.67621
1560	13.01427	77.67627
1561	13.01424	77.67634
1562	13.01422	77.67639
1563	13.01418	77.67646
1564	13.01415	77.67652
1565	13.01412	77.67658
1566	13.01410	77.67664
1567	13.01407	77.67671
1568	13.01405	77.67679
1569	13.01402	77.67687
1570	13.01400	77.67693
1571	13.01397	77.67699
1572	13.01395	77.67706
1573	13.01392	77.67713
1574	13.01389	77.67721
1575	13.01388	77.67728
1576	13.01387	77.67733
1577	13.01384	77.67740
1578	13.01383	77.67746
1579	13.01381	77.67754
1580	13.01379	77.67759
1581	13.01378	77.67765
1582	13.01376	77.67772
1583	13.01374	77.67777
1584	13.01373	77.67783
1585	13.01371	77.67788
1586	13.01369	77.67795
1587	13.01367	77.67801
1588	13.01362	77.67801
1589	13.01355	77.67795
1590	13.01348	77.67790
1591	13.01340	77.67784
1592	13.01334	77.67779
1593	13.01329	77.67775
1594	13.01324	77.67771
1595	13.01318	77.67766
1596	13.01314	77.67761
1597	13.01308	77.67754
1598	13.01303	77.67749
1599	13.01297	77.67744
1600	13.01292	77.67740
1601	13.01285	77.67733
1602	13.01280	77.67726
1603	13.01275	77.67720
1604	13.01271	77.67714
1605	13.01267	77.67709
1606	13.01260	77.67702
1607	13.01254	77.67699
1608	13.01247	77.67696
1609	13.01242	77.67693
1610	13.01235	77.67690
1611	13.01228	77.67687
1612	13.01222	77.67683
1613	13.01216	77.67680
1614	13.01208	77.67676
1615	13.01202	77.67674
1616	13.01195	77.67670
1617	13.01189	77.67667
1618	13.01182	77.67666
1619	13.01175	77.67663
1620	13.01169	77.67662
1621	13.01163	77.67661
1622	13.01158	77.67659
1623	13.01156	77.67667
1624	13.01156	77.67674
1625	13.01156	77.67681
1626	13.01156	77.67686
1627	13.01156	77.67692
1628	13.01157	77.67698
1629	13.01159	77.67704
1630	13.01160	77.67710
1631	13.01162	77.67716
1632	13.01163	77.67721
1633	13.01163	77.67727
1634	13.01164	77.67733
1635	13.01165	77.67739
1636	13.01165	77.67745
1637	13.01167	77.67750
1638	13.01169	77.67757
1639	13.01171	77.67763
1640	13.01173	77.67770
1641	13.01175	77.67776
1642	13.01175	77.67782
1643	13.01175	77.67787
1644	13.01175	77.67793
1645	13.01176	77.67799
1646	13.01176	77.67804
1647	13.01176	77.67811
1648	13.01178	77.67817
1649	13.01179	77.67823
1650	13.01180	77.67829
1651	13.01180	77.67835
1652	13.01180	77.67842
1653	13.01180	77.67847
1654	13.01180	77.67854
1655	13.01179	77.67860
1656	13.01179	77.67867
1657	13.01177	77.67874
1658	13.01177	77.67880
1659	13.01177	77.67887
1660	13.01177	77.67895
1661	13.01176	77.67902
1662	13.01175	77.67908
1663	13.01175	77.67915
1664	13.01174	77.67922
1665	13.01173	77.67929
1666	13.01172	77.67936
1667	13.01171	77.67942
1668	13.01170	77.67949
1669	13.01169	77.67957
1670	13.01166	77.67962
1671	13.01165	77.67968
1672	13.01163	77.67973
1673	13.01160	77.67978
1674	13.01159	77.67985
1675	13.01156	77.67992
1676	13.01152	77.67999
1677	13.01149	77.68006
1678	13.01145	77.68013
1679	13.01142	77.68018
1680	13.01137	77.68027
1681	13.01133	77.68033
1682	13.01128	77.68040
1683	13.01125	77.68045
1684	13.01123	77.68051
1685	13.01118	77.68057
1686	13.01111	77.68064
1687	13.01118	77.68066
1688	13.01123	77.68068
1689	13.01127	77.68075
1690	13.01127	77.68082
1691	13.01127	77.68090
1692	13.01127	77.68097
1693	13.01126	77.68104
1694	13.01125	77.68110
1695	13.01124	77.68117
1696	13.01124	77.68123
1697	13.01123	77.68131
1698	13.01123	77.68139
1699	13.01123	77.68146
1700	13.01123	77.68153
1701	13.01122	77.68160
1702	13.01121	77.68168
1703	13.01119	77.68174
1704	13.01119	77.68179
1705	13.01118	77.68187
1706	13.01117	77.68193
1707	13.01117	77.68201
1708	13.01118	77.68207
1709	13.01121	77.68214
1710	13.01126	77.68221
1711	13.01133	77.68228
1712	13.01139	77.68235
1713	13.01144	77.68241
1714	13.01148	77.68247
1715	13.01154	77.68252
1716	13.01161	77.68256
1717	13.01166	77.68258
1718	13.01171	77.68260
1719	13.01177	77.68262
1720	13.01184	77.68263
1721	13.01189	77.68264
1722	13.01195	77.68265
1723	13.01201	77.68266
1724	13.01206	77.68267
1725	13.01213	77.68267
1726	13.01219	77.68269
1727	13.01227	77.68269
1728	13.01234	77.68270
1729	13.01240	77.68271
1730	13.01246	77.68272
1731	13.01252	77.68272
1732	13.01259	77.68272
1733	13.01266	77.68272
1734	13.01272	77.68273
1735	13.01280	77.68273
1736	13.01287	77.68273
1737	13.01293	77.68273
1738	13.01299	77.68272
1739	13.01304	77.68271
1740	13.01309	77.68271
1741	13.01315	77.68271
1742	13.01321	77.68270
1743	13.01327	77.68270
1744	13.01333	77.68271
1745	13.01338	77.68271
1746	13.01346	77.68271
1747	13.01351	77.68271
1748	13.01357	77.68271
1749	13.01363	77.68271
1750	13.01369	77.68271
1751	13.01375	77.68271
1752	13.01380	77.68271
1753	13.01386	77.68271
1754	13.01392	77.68271
1755	13.01399	77.68271
1756	13.01406	77.68271
1757	13.01413	77.68271
1758	13.01419	77.68271
1759	13.01426	77.68271
1760	13.01431	77.68274
1761	13.01431	77.68280
1762	13.01430	77.68287
1763	13.01429	77.68292
1764	13.01429	77.68300
1765	13.01429	77.68306
1766	13.01429	77.68311
1767	13.01429	77.68318
1768	13.01429	77.68323
1769	13.01429	77.68331
1770	13.01429	77.68337
1771	13.01428	77.68346
1772	13.01428	77.68353
1773	13.01428	77.68360
1774	13.01429	77.68366
1775	13.01430	77.68371
1776	13.01431	77.68377
1777	13.01432	77.68384
1778	13.01434	77.68389
1779	13.01435	77.68395
1780	13.01437	77.68400
1781	13.01438	77.68406
1782	13.01440	77.68413
1783	13.01441	77.68418
1784	13.01443	77.68425
1785	13.01445	77.68430
1786	13.01446	77.68435
1787	13.01447	77.68441
1788	13.01450	77.68448
1789	13.01451	77.68454
1790	13.01455	77.68462
1791	13.01458	77.68469
1792	13.01464	77.68476
1793	13.01468	77.68481
1794	13.01475	77.68487
1795	13.01482	77.68493
1796	13.01488	77.68498
1797	13.01494	77.68503
1798	13.01500	77.68508
1799	13.01507	77.68512
1800	13.01512	77.68515
1801	13.01519	77.68519
1802	13.01524	77.68522
1803	13.01530	77.68526
1804	13.01537	77.68529
1805	13.01543	77.68532
1806	13.01548	77.68535
1807	13.01553	77.68537
1808	13.01560	77.68539
1809	13.01566	77.68542
1810	13.01571	77.68544
1811	13.01577	77.68547
1812	13.01583	77.68551
1813	13.01589	77.68554
1814	13.01595	77.68555
1815	13.01601	77.68557
1816	13.01607	77.68558
1817	13.01613	77.68559
1818	13.01619	77.68560
1819	13.01627	77.68562
1820	13.01633	77.68563
1821	13.01638	77.68563
1822	13.01645	77.68563
1823	13.01651	77.68563
1824	13.01657	77.68563
1825	13.01663	77.68563
1826	13.01670	77.68562
1827	13.01676	77.68564
1828	13.01674	77.68571
1829	13.01673	77.68576
1830	13.01672	77.68583
1831	13.01672	77.68588
1832	13.01670	77.68595
1833	13.01669	77.68600
1834	13.01667	77.68606
1835	13.01673	77.68610
1836	13.01678	77.68610
1837	13.01687	77.68611
1838	13.01692	77.68612
1839	13.01699	77.68613
1840	13.01707	77.68614
1841	13.01714	77.68615
1842	13.01721	77.68616
1843	13.01727	77.68617
1844	13.01733	77.68617
1845	13.01737	77.68623
1846	13.01737	77.68630
1847	13.01736	77.68637
1848	13.01735	77.68643
1849	13.01734	77.68650
1850	13.01733	77.68656
1851	13.01733	77.68662
1852	13.01733	77.68669
1853	13.01733	77.68676
1854	13.01733	77.68684
1855	13.01733	77.68691
1856	13.01733	77.68698
1857	13.01733	77.68704
1858	13.01733	77.68711
1859	13.01733	77.68720
1860	13.01733	77.68727
1861	13.01733	77.68733
1862	13.01733	77.68740
1863	13.01732	77.68745
1864	13.01731	77.68752
1865	13.01730	77.68760
1866	13.01730	77.68767
1867	13.01729	77.68774
1868	13.01728	77.68780
1869	13.01727	77.68786
1870	13.01727	77.68793
1871	13.01726	77.68800
1872	13.01725	77.68807
1873	13.01725	77.68815
1874	13.01725	77.68821
1875	13.01728	77.68829
1876	13.01729	77.68834
1877	13.01731	77.68840
1878	13.01737	77.68842
1879	13.01743	77.68842
1880	13.01750	77.68843
1881	13.01755	77.68843
1882	13.01762	77.68844
1883	13.01770	77.68845
1884	13.01776	77.68845
1885	13.01781	77.68845
1886	13.01788	77.68845
1887	13.01793	77.68845
1888	13.01798	77.68845
1889	13.01805	77.68846
1890	13.01811	77.68847
1891	13.01817	77.68847
1892	13.01823	77.68847
1893	13.01829	77.68848
1894	13.01835	77.68848
1895	13.01842	77.68848
1896	13.01849	77.68848
1897	13.01855	77.68848
1898	13.01858	77.68854
1899	13.01858	77.68861
1900	13.01860	77.68866
1901	13.01860	77.68875
1902	13.01860	77.68881
1903	13.01860	77.68890
1904	13.01860	77.68898
1905	13.01860	77.68904
1906	13.01860	77.68912
1907	13.01860	77.68918
1908	13.01861	77.68925
1909	13.01863	77.68931
1910	13.01870	77.68931
1911	13.01877	77.68931
1912	13.01884	77.68931
1913	13.01892	77.68931
1914	13.01899	77.68931
1915	13.01905	77.68930
1916	13.01913	77.68929
1917	13.01920	77.68929
1918	13.01925	77.68929
1919	13.01932	77.68929
1920	13.01937	77.68929
1921	13.01945	77.68929
1922	13.01952	77.68929
1923	13.01960	77.68929
1924	13.01962	77.68935
1925	13.01963	77.68942
1926	13.01964	77.68950
1927	13.01965	77.68955
1928	13.01965	77.68964
1929	13.01966	77.68970
1930	13.01966	77.68976
1931	13.01966	77.68983
1932	13.01966	77.68991
1933	13.01966	77.68999
1934	13.01966	77.69006
1935	13.01966	77.69012
1936	13.01966	77.69017
1937	13.01966	77.69025
1938	13.01966	77.69031
1939	13.01966	77.69038
1940	13.01966	77.69046
1941	13.01966	77.69054
1942	13.01966	77.69061
1943	13.01966	77.69068
1944	13.01966	77.69078
1945	13.01972	77.69082
1946	13.01978	77.69081
1947	13.01984	77.69081
1948	13.01990	77.69081
1949	13.01996	77.69081
1950	13.02004	77.69081
1951	13.02013	77.69081
1952	13.02021	77.69081
1953	13.02027	77.69081
1954	13.02033	77.69081
1955	13.02042	77.69081
1956	13.02047	77.69081
1957	13.02054	77.69081
1958	13.02063	77.69081
1959	13.02068	77.69081
1960	13.02076	77.69081
1961	13.02083	77.69081
1962	13.02089	77.69081
1963	13.02096	77.69081
1964	13.02104	77.69081
1965	13.02106	77.69075
1966	13.02112	77.69072
1967	13.02118	77.69074
1968	13.02125	77.69076
1969	13.02132	77.69077
1970	13.02139	77.69077
1971	13.02144	77.69077
1972	13.02151	77.69078
1973	13.02156	77.69078
1974	13.02163	77.69078
1975	13.02168	77.69078
1976	13.02175	77.69078
1977	13.02181	77.69078
1978	13.02187	77.69078
1979	13.02195	77.69078
1980	13.02203	77.69080
1981	13.02210	77.69080
1982	13.02216	77.69081
1983	13.02222	77.69082
1984	13.02230	77.69082
1985	13.02237	77.69082
1986	13.02243	77.69082
1987	13.02249	77.69082
1988	13.02253	77.69089
1989	13.02253	77.69096
1990	13.02253	77.69103
1991	13.02253	77.69110
1992	13.02253	77.69118
1993	13.02252	77.69125
1994	13.02252	77.69131
1995	13.02252	77.69138
1996	13.02253	77.69145
1997	13.02253	77.69151
1998	13.02253	77.69158
1999	13.02254	77.69164
2000	13.02254	77.69172
2001	13.02254	77.69179
2002	13.02254	77.69187
2003	13.02255	77.69193
2004	13.02255	77.69199
2005	13.02262	77.69200
2006	13.02268	77.69201
2007	13.02274	77.69201
2008	13.02281	77.69203
2009	13.02289	77.69203
2010	13.02295	77.69204
2011	13.02301	77.69205
2012	13.02308	77.69205
2013	13.02315	77.69206
2014	13.02321	77.69206
2015	13.02328	77.69206
2016	13.02334	77.69205
2017	13.02340	77.69204
2018	13.02346	77.69204
2019	13.02353	77.69203
2020	13.02359	77.69203
2021	13.02365	77.69201
2022	13.02371	77.69201
2023	13.02378	77.69200
2024	13.02384	77.69199
2025	13.02391	77.69198
2026	13.02397	77.69198
2027	13.02404	77.69197
2028	13.02410	77.69197
2029	13.02416	77.69198
2030	13.02418	77.69204
2031	13.02418	77.69209
2032	13.02419	77.69215
2033	13.02420	77.69221
2034	13.02421	77.69228
2035	13.02421	77.69234
2036	13.02422	77.69240
2037	13.02422	77.69247
2038	13.02423	77.69253
2039	13.02424	77.69259
2040	13.02424	77.69266
2041	13.02424	77.69272
2042	13.02425	77.69281
2043	13.02422	77.69288
2044	13.02420	77.69294
2045	13.02418	77.69301
2046	13.02416	77.69309
2047	13.02414	77.69315
2048	13.02412	77.69320
2049	13.02410	77.69326
2050	13.02407	77.69333
2051	13.02406	77.69338
2052	13.02407	77.69344
2053	13.02407	77.69351
2054	13.02407	77.69357
2055	13.02407	77.69364
2056	13.02407	77.69371
2057	13.02406	77.69377
2058	13.02406	77.69384
2059	13.02406	77.69390
2060	13.02406	77.69396
2061	13.02406	77.69402
2062	13.02406	77.69410
2063	13.02415	77.69414
2064	13.02421	77.69414
2065	13.02428	77.69414
2066	13.02434	77.69414
2067	13.02440	77.69414
2068	13.02447	77.69414
2069	13.02452	77.69416
2070	13.02458	77.69416
2071	13.02465	77.69416
2072	13.02470	77.69417
2073	13.02476	77.69417
2074	13.02482	77.69417
2075	13.02489	77.69417
2076	13.02495	77.69417
2077	13.02501	77.69417
2078	13.02507	77.69416
2079	13.02514	77.69414
2080	13.02519	77.69413
2081	13.02525	77.69412
2082	13.02531	77.69412
2083	13.02537	77.69412
2084	13.02543	77.69412
2085	13.02549	77.69413
2086	13.02554	77.69414
2087	13.02560	77.69414
2088	13.02566	77.69416
2089	13.02573	77.69417
2090	13.02578	77.69418
2091	13.02584	77.69418
2092	13.02591	77.69418
2093	13.02597	77.69418
2094	13.02603	77.69418
2095	13.02611	77.69418
2096	13.02618	77.69418
2097	13.02624	77.69418
2098	13.02630	77.69417
2099	13.02636	77.69417
2100	13.02641	77.69416
2101	13.02648	77.69416
2102	13.02654	77.69416
2103	13.02660	77.69416
2104	13.02667	77.69416
2105	13.02673	77.69417
2106	13.02678	77.69418
2107	13.02688	77.69421
2108	13.02693	77.69423
2109	13.02698	77.69424
2110	13.02703	77.69426
2111	13.02714	77.69428
2112	13.02723	77.69431
2113	13.02730	77.69431
