Rank	Latitude	Longitude
1	13.02898	77.71098
2	13.02893	77.71101
3	13.02887	77.71103
4	13.02881	77.71106
5	13.02875	77.71108
6	13.02869	77.71110
7	13.02863	77.71113
8	13.02857	77.71116
9	13.02851	77.71119
10	13.02846	77.71121
11	13.02840	77.71124
12	13.02834	77.71127
13	13.02829	77.71131
14	13.02824	77.71133
15	13.02817	77.71135
16	13.02812	77.71137
17	13.02807	77.71139
18	13.02802	77.71140
19	13.02797	77.71142
20	13.02791	77.71143
21	13.02785	77.71142
22	13.02779	77.71142
23	13.02775	77.71148
24	13.02772	77.71155
25	13.02766	77.71157
26	13.02759	77.71157
27	13.02753	77.71158
28	13.02747	77.71159
29	13.02742	77.71160
30	13.02736	77.71161
31	13.02730	77.71162
32	13.02724	77.71162
33	13.02718	77.71163
34	13.02711	77.71163
35	13.02705	77.71163
36	13.02698	77.71163
37	13.02691	77.71163
38	13.02686	77.71164
39	13.02681	77.71166
40	13.02676	77.71167
41	13.02669	77.71168
42	13.02662	77.71168
43	13.02656	77.71168
44	13.02649	77.71168
45	13.02643	77.71169
46	13.02637	77.71171
47	13.02631	77.71172
48	13.02625	77.71173
49	13.02619	77.71174
50	13.02613	77.71174
51	13.02607	77.71174
52	13.02600	77.71174
53	13.02595	77.71173
54	13.02588	77.71175
55	13.02581	77.71177
56	13.02576	77.71178
57	13.02570	77.71181
58	13.02565	77.71181
59	13.02557	77.71182
60	13.02552	77.71183
61	13.02545	77.71184
62	13.02540	77.71185
63	13.02532	77.71186
64	13.02527	77.71187
65	13.02521	77.71188
66	13.02514	77.71190
67	13.02509	77.71191
68	13.02503	77.71191
69	13.02496	77.71194
70	13.02489	77.71194
71	13.02483	77.71194
72	13.02477	77.71196
73	13.02471	77.71197
74	13.02466	77.71197
75	13.02460	77.71199
76	13.02455	77.71200
77	13.02449	77.71200
78	13.02443	77.71198
79	13.02437	77.71198
80	13.02431	77.71200
81	13.02426	77.71204
82	13.02420	77.71208
83	13.02415	77.71212
84	13.02409	77.71216
85	13.02404	77.71220
86	13.02398	77.71225
87	13.02393	77.71229
88	13.02388	77.71234
89	13.02382	77.71239
90	13.02378	77.71245
91	13.02373	77.71250
92	13.02367	77.71255
93	13.02362	77.71260
94	13.02357	77.71265
95	13.02350	77.71270
96	13.02345	77.71274
97	13.02339	77.71279
98	13.02334	77.71282
99	13.02328	77.71284
100	13.02322	77.71287
101	13.02316	77.71290
102	13.02311	77.71292
103	13.02305	77.71295
104	13.02299	77.71298
105	13.02292	77.71301
106	13.02287	77.71304
107	13.02281	77.71306
108	13.02276	77.71309
109	13.02270	77.71312
110	13.02264	77.71315
111	13.02258	77.71319
112	13.02251	77.71322
113	13.02245	77.71325
114	13.02239	77.71327
115	13.02234	77.71322
116	13.02231	77.71317
117	13.02228	77.71311
118	13.02225	77.71305
119	13.02220	77.71306
120	13.02214	77.71312
121	13.02208	77.71314
122	13.02203	77.71319
123	13.02198	77.71323
124	13.02192	77.71327
125	13.02186	77.71331
126	13.02181	77.71334
127	13.02175	77.71337
128	13.02170	77.71341
129	13.02165	77.71345
130	13.02158	77.71350
131	13.02153	77.71354
132	13.02147	77.71359
133	13.02142	77.71363
134	13.02136	77.71368
135	13.02130	77.71373
136	13.02124	77.71379
137	13.02119	77.71384
138	13.02114	77.71389
139	13.02110	77.71394
140	13.02105	77.71400
141	13.02099	77.71405
142	13.02093	77.71411
143	13.02088	77.71417
144	13.02083	77.71423
145	13.02078	77.71426
146	13.02072	77.71425
147	13.02066	77.71425
148	13.02060	77.71425
149	13.02054	77.71425
150	13.02047	77.71423
151	13.02041	77.71422
152	13.02035	77.71421
153	13.02029	77.71421
154	13.02024	77.71421
155	13.02017	77.71419
156	13.02012	77.71417
157	13.02006	77.71416
158	13.02000	77.71413
159	13.01995	77.71410
160	13.01989	77.71407
161	13.01983	77.71403
162	13.01977	77.71399
163	13.01971	77.71394
164	13.01966	77.71389
165	13.01961	77.71383
166	13.01955	77.71378
167	13.01951	77.71373
168	13.01947	77.71367
169	13.01943	77.71361
170	13.01940	77.71356
171	13.01936	77.71351
172	13.01932	77.71345
173	13.01928	77.71340
174	13.01924	77.71334
175	13.01920	77.71328
176	13.01917	77.71323
177	13.01914	77.71317
178	13.01912	77.71312
179	13.01910	77.71307
180	13.01907	77.71301
181	13.01904	77.71295
182	13.01901	77.71289
183	13.01898	77.71284
184	13.01895	77.71278
185	13.01892	77.71273
186	13.01890	77.71268
187	13.01887	77.71263
188	13.01884	77.71257
189	13.01881	77.71252
190	13.01877	77.71246
191	13.01873	77.71241
192	13.01868	77.71235
193	13.01864	77.71230
194	13.01860	77.71225
195	13.01857	77.71219
196	13.01853	77.71213
197	13.01849	77.71208
198	13.01844	77.71201
199	13.01839	77.71196
200	13.01833	77.71191
201	13.01827	77.71186
202	13.01822	77.71182
203	13.01816	77.71178
204	13.01811	77.71175
205	13.01805	77.71171
206	13.01798	77.71168
207	13.01793	77.71165
208	13.01788	77.71163
209	13.01781	77.71161
210	13.01775	77.71159
211	13.01769	77.71157
212	13.01763	77.71155
213	13.01757	77.71154
214	13.01751	77.71152
215	13.01745	77.71150
216	13.01738	77.71149
217	13.01732	77.71148
218	13.01726	77.71148
219	13.01720	77.71148
220	13.01715	77.71150
221	13.01710	77.71153
222	13.01703	77.71156
223	13.01697	77.71162
224	13.01693	77.71167
225	13.01687	77.71173
226	13.01682	77.71176
227	13.01676	77.71180
228	13.01670	77.71183
229	13.01664	77.71185
230	13.01658	77.71185
231	13.01654	77.71179
232	13.01650	77.71174
233	13.01646	77.71168
234	13.01641	77.71163
235	13.01635	77.71158
236	13.01629	77.71152
237	13.01625	77.71147
238	13.01622	77.71140
239	13.01622	77.71134
240	13.01616	77.71132
241	13.01610	77.71132
242	13.01604	77.71132
243	13.01597	77.71132
244	13.01592	77.71130
245	13.01586	77.71124
246	13.01581	77.71120
247	13.01575	77.71119
248	13.01570	77.71119
249	13.01564	77.71119
250	13.01559	77.71119
251	13.01553	77.71120
252	13.01547	77.71120
253	13.01540	77.71120
254	13.01535	77.71121
255	13.01529	77.71121
256	13.01523	77.71122
257	13.01518	77.71119
258	13.01512	77.71115
259	13.01506	77.71111
260	13.01501	77.71108
261	13.01496	77.71104
262	13.01490	77.71102
263	13.01485	77.71098
264	13.01480	77.71094
265	13.01478	77.71087
266	13.01476	77.71082
267	13.01476	77.71076
268	13.01474	77.71071
269	13.01468	77.71069
270	13.01462	77.71069
271	13.01456	77.71069
272	13.01450	77.71069
273	13.01443	77.71069
274	13.01440	77.71063
275	13.01440	77.71057
276	13.01438	77.71052
277	13.01436	77.71045
278	13.01435	77.71040
279	13.01433	77.71035
280	13.01432	77.71028
281	13.01429	77.71023
282	13.01427	77.71017
283	13.01425	77.71012
284	13.01424	77.71007
285	13.01421	77.71001
286	13.01419	77.70995
287	13.01417	77.70990
288	13.01415	77.70984
289	13.01413	77.70979
290	13.01410	77.70973
291	13.01408	77.70968
292	13.01405	77.70962
293	13.01403	77.70957
294	13.01402	77.70951
295	13.01400	77.70945
296	13.01399	77.70940
297	13.01398	77.70934
298	13.01398	77.70929
299	13.01398	77.70922
300	13.01396	77.70917
301	13.01396	77.70911
302	13.01396	77.70906
303	13.01395	77.70900
304	13.01395	77.70895
305	13.01395	77.70889
306	13.01395	77.70882
307	13.01395	77.70877
308	13.01395	77.70871
309	13.01394	77.70864
310	13.01393	77.70859
311	13.01391	77.70854
312	13.01390	77.70848
313	13.01389	77.70842
314	13.01388	77.70837
315	13.01386	77.70832
316	13.01386	77.70826
317	13.01386	77.70819
318	13.01388	77.70813
319	13.01389	77.70807
320	13.01390	77.70800
321	13.01390	77.70794
322	13.01390	77.70787
323	13.01390	77.70781
324	13.01389	77.70775
325	13.01388	77.70769
326	13.01387	77.70763
327	13.01384	77.70757
328	13.01382	77.70752
329	13.01379	77.70746
330	13.01373	77.70741
331	13.01368	77.70736
332	13.01362	77.70731
333	13.01357	77.70726
334	13.01353	77.70721
335	13.01350	77.70715
336	13.01347	77.70710
337	13.01344	77.70705
338	13.01341	77.70699
339	13.01337	77.70694
340	13.01336	77.70689
341	13.01334	77.70683
342	13.01333	77.70676
343	13.01332	77.70670
344	13.01329	77.70664
345	13.01328	77.70658
346	13.01327	77.70653
347	13.01325	77.70647
348	13.01323	77.70642
349	13.01321	77.70636
350	13.01320	77.70631
351	13.01319	77.70625
352	13.01317	77.70620
353	13.01316	77.70615
354	13.01314	77.70608
355	13.01314	77.70602
356	13.01314	77.70596
357	13.01317	77.70591
358	13.01320	77.70586
359	13.01323	77.70580
360	13.01327	77.70574
361	13.01330	77.70569
362	13.01333	77.70563
363	13.01336	77.70557
364	13.01339	77.70551
365	13.01341	77.70545
366	13.01344	77.70539
367	13.01343	77.70533
368	13.01343	77.70527
369	13.01343	77.70522
370	13.01344	77.70516
371	13.01344	77.70511
372	13.01344	77.70505
373	13.01344	77.70499
374	13.01343	77.70493
375	13.01342	77.70487
376	13.01342	77.70481
377	13.01342	77.70475
378	13.01342	77.70469
379	13.01342	77.70463
380	13.01341	77.70457
381	13.01341	77.70452
382	13.01341	77.70447
383	13.01341	77.70442
384	13.01341	77.70437
385	13.01341	77.70431
386	13.01341	77.70425
387	13.01341	77.70419
388	13.01342	77.70412
389	13.01342	77.70407
390	13.01343	77.70401
391	13.01343	77.70395
392	13.01343	77.70389
393	13.01343	77.70384
394	13.01344	77.70378
395	13.01344	77.70372
396	13.01344	77.70367
397	13.01345	77.70360
398	13.01346	77.70355
399	13.01346	77.70348
400	13.01346	77.70342
401	13.01346	77.70336
402	13.01347	77.70329
403	13.01347	77.70324
404	13.01347	77.70318
405	13.01347	77.70313
406	13.01347	77.70307
407	13.01347	77.70301
408	13.01348	77.70294
409	13.01349	77.70289
410	13.01349	77.70283
411	13.01349	77.70276
412	13.01343	77.70272
413	13.01337	77.70271
414	13.01332	77.70271
415	13.01326	77.70271
416	13.01320	77.70271
417	13.01314	77.70270
418	13.01308	77.70269
419	13.01302	77.70269
420	13.01295	77.70269
421	13.01289	77.70269
422	13.01284	77.70269
423	13.01279	77.70269
424	13.01273	77.70268
425	13.01267	77.70267
426	13.01261	77.70267
427	13.01254	77.70266
428	13.01248	77.70265
429	13.01242	77.70265
430	13.01235	77.70265
431	13.01228	77.70265
432	13.01222	77.70265
433	13.01216	77.70265
434	13.01209	77.70265
435	13.01203	77.70265
436	13.01196	77.70265
437	13.01190	77.70265
438	13.01183	77.70265
439	13.01176	77.70265
440	13.01170	77.70264
441	13.01163	77.70264
442	13.01158	77.70263
443	13.01152	77.70263
444	13.01147	77.70262
445	13.01141	77.70262
446	13.01135	77.70262
447	13.01129	77.70262
448	13.01122	77.70262
449	13.01117	77.70262
450	13.01111	77.70261
451	13.01105	77.70261
452	13.01099	77.70261
453	13.01093	77.70261
454	13.01086	77.70261
455	13.01080	77.70261
456	13.01074	77.70261
457	13.01067	77.70261
458	13.01062	77.70261
459	13.01056	77.70260
460	13.01050	77.70260
461	13.01045	77.70259
462	13.01039	77.70260
463	13.01040	77.70254
464	13.01042	77.70249
465	13.01045	77.70243
466	13.01048	77.70236
467	13.01052	77.70231
468	13.01057	77.70225
469	13.01060	77.70219
470	13.01063	77.70213
471	13.01065	77.70208
472	13.01065	77.70203
473	13.01064	77.70198
474	13.01063	77.70192
475	13.01063	77.70185
476	13.01062	77.70179
477	13.01060	77.70173
478	13.01059	77.70167
479	13.01057	77.70162
480	13.01056	77.70157
481	13.01054	77.70151
482	13.01053	77.70146
483	13.01052	77.70140
484	13.01050	77.70134
485	13.01049	77.70128
486	13.01047	77.70122
487	13.01046	77.70116
488	13.01044	77.70110
489	13.01043	77.70104
490	13.01041	77.70098
491	13.01039	77.70092
492	13.01038	77.70086
493	13.01036	77.70081
494	13.01034	77.70074
495	13.01032	77.70069
496	13.01030	77.70063
497	13.01028	77.70058
498	13.01026	77.70052
499	13.01024	77.70046
500	13.01023	77.70041
501	13.01021	77.70035
502	13.01020	77.70029
503	13.01018	77.70023
504	13.01015	77.70017
505	13.01012	77.70012
506	13.01010	77.70007
507	13.01006	77.70001
508	13.01004	77.69995
509	13.01001	77.69989
510	13.00998	77.69983
511	13.00996	77.69978
512	13.00993	77.69972
513	13.00989	77.69966
514	13.00986	77.69960
515	13.00983	77.69955
516	13.00981	77.69950
517	13.00979	77.69944
518	13.00976	77.69939
519	13.00975	77.69934
520	13.00972	77.69928
521	13.00969	77.69922
522	13.00966	77.69916
523	13.00963	77.69911
524	13.00961	77.69905
525	13.00958	77.69900
526	13.00955	77.69894
527	13.00952	77.69889
528	13.00949	77.69883
529	13.00947	77.69878
530	13.00944	77.69872
531	13.00940	77.69867
532	13.00936	77.69861
533	13.00934	77.69856
534	13.00932	77.69850
535	13.00930	77.69845
536	13.00928	77.69840
537	13.00926	77.69834
538	13.00924	77.69828
539	13.00928	77.69823
540	13.00933	77.69817
541	13.00936	77.69812
542	13.00940	77.69806
543	13.00943	77.69800
544	13.00947	77.69794
545	13.00950	77.69788
546	13.00954	77.69782
547	13.00956	77.69776
548	13.00950	77.69772
549	13.00945	77.69767
550	13.00939	77.69762
551	13.00934	77.69757
552	13.00928	77.69753
553	13.00929	77.69747
554	13.00932	77.69741
555	13.00935	77.69735
556	13.00938	77.69729
557	13.00941	77.69722
558	13.00944	77.69716
559	13.00947	77.69711
560	13.00950	77.69706
561	13.00953	77.69700
562	13.00956	77.69694
563	13.00959	77.69689
564	13.00958	77.69684
565	13.00953	77.69679
566	13.00947	77.69675
567	13.00941	77.69672
568	13.00935	77.69668
569	13.00929	77.69664
570	13.00923	77.69660
571	13.00918	77.69656
572	13.00912	77.69652
573	13.00907	77.69649
574	13.00901	77.69644
575	13.00896	77.69640
576	13.00890	77.69635
577	13.00885	77.69630
578	13.00879	77.69626
579	13.00873	77.69621
580	13.00868	77.69616
581	13.00862	77.69611
582	13.00857	77.69606
583	13.00852	77.69600
584	13.00849	77.69594
585	13.00847	77.69589
586	13.00844	77.69583
587	13.00843	77.69577
588	13.00842	77.69572
589	13.00840	77.69566
590	13.00840	77.69561
591	13.00839	77.69555
592	13.00839	77.69549
593	13.00838	77.69543
594	13.00837	77.69538
595	13.00837	77.69533
596	13.00837	77.69528
597	13.00837	77.69522
598	13.00837	77.69515
599	13.00837	77.69509
600	13.00837	77.69503
601	13.00838	77.69497
602	13.00838	77.69492
603	13.00840	77.69486
604	13.00841	77.69480
605	13.00841	77.69473
606	13.00841	77.69467
607	13.00841	77.69461
608	13.00842	77.69456
609	13.00842	77.69451
610	13.00842	77.69444
611	13.00842	77.69438
612	13.00841	77.69433
613	13.00840	77.69427
614	13.00840	77.69421
615	13.00840	77.69415
616	13.00840	77.69410
617	13.00840	77.69405
618	13.00840	77.69399
619	13.00841	77.69393
620	13.00841	77.69388
621	13.00841	77.69382
622	13.00841	77.69376
623	13.00841	77.69370
624	13.00841	77.69364
625	13.00841	77.69358
626	13.00841	77.69353
627	13.00841	77.69346
628	13.00840	77.69340
629	13.00839	77.69335
630	13.00838	77.69329
631	13.00837	77.69323
632	13.00837	77.69318
633	13.00836	77.69312
634	13.00835	77.69306
635	13.00834	77.69301
636	13.00833	77.69295
637	13.00832	77.69290
638	13.00831	77.69284
639	13.00830	77.69279
640	13.00829	77.69273
641	13.00829	77.69267
642	13.00827	77.69261
643	13.00827	77.69256
644	13.00826	77.69250
645	13.00825	77.69245
646	13.00825	77.69239
647	13.00825	77.69234
648	13.00824	77.69227
649	13.00824	77.69221
650	13.00823	77.69216
651	13.00823	77.69210
652	13.00822	77.69205
653	13.00821	77.69199
654	13.00819	77.69193
655	13.00818	77.69187
656	13.00816	77.69181
657	13.00814	77.69175
658	13.00813	77.69169
659	13.00811	77.69164
660	13.00809	77.69158
661	13.00808	77.69153
662	13.00807	77.69148
663	13.00806	77.69142
664	13.00805	77.69136
665	13.00804	77.69131
666	13.00803	77.69126
667	13.00801	77.69120
668	13.00799	77.69114
669	13.00798	77.69108
670	13.00796	77.69103
671	13.00795	77.69098
672	13.00793	77.69092
673	13.00791	77.69087
674	13.00789	77.69081
675	13.00788	77.69075
676	13.00787	77.69070
677	13.00785	77.69065
678	13.00785	77.69059
679	13.00784	77.69054
680	13.00783	77.69048
681	13.00782	77.69041
682	13.00781	77.69036
683	13.00779	77.69030
684	13.00778	77.69024
685	13.00776	77.69019
686	13.00775	77.69014
687	13.00774	77.69008
688	13.00772	77.69002
689	13.00771	77.68995
690	13.00769	77.68990
691	13.00768	77.68985
692	13.00765	77.68979
693	13.00763	77.68973
694	13.00761	77.68967
695	13.00758	77.68960
696	13.00757	77.68954
697	13.00754	77.68949
698	13.00751	77.68943
699	13.00748	77.68938
700	13.00745	77.68931
701	13.00743	77.68926
702	13.00740	77.68920
703	13.00738	77.68915
704	13.00735	77.68908
705	13.00732	77.68903
706	13.00729	77.68898
707	13.00726	77.68892
708	13.00722	77.68886
709	13.00720	77.68881
710	13.00718	77.68876
711	13.00716	77.68871
712	13.00713	77.68865
713	13.00711	77.68859
714	13.00709	77.68854
715	13.00706	77.68848
716	13.00703	77.68842
717	13.00701	77.68837
718	13.00698	77.68831
719	13.00696	77.68826
720	13.00692	77.68820
721	13.00689	77.68815
722	13.00686	77.68809
723	13.00683	77.68803
724	13.00681	77.68798
725	13.00677	77.68793
726	13.00674	77.68787
727	13.00670	77.68782
728	13.00667	77.68776
729	13.00665	77.68771
730	13.00662	77.68765
731	13.00658	77.68760
732	13.00655	77.68753
733	13.00652	77.68747
734	13.00649	77.68742
735	13.00647	77.68736
736	13.00644	77.68730
737	13.00642	77.68725
738	13.00639	77.68718
739	13.00637	77.68713
740	13.00636	77.68708
741	13.00633	77.68702
742	13.00630	77.68697
743	13.00627	77.68692
744	13.00625	77.68687
745	13.00622	77.68681
746	13.00619	77.68676
747	13.00617	77.68671
748	13.00613	77.68665
749	13.00609	77.68659
750	13.00604	77.68653
751	13.00601	77.68648
752	13.00597	77.68642
753	13.00595	77.68637
754	13.00591	77.68631
755	13.00588	77.68625
756	13.00585	77.68619
757	13.00583	77.68614
758	13.00580	77.68607
759	13.00576	77.68602
760	13.00572	77.68596
761	13.00568	77.68590
762	13.00565	77.68585
763	13.00562	77.68579
764	13.00560	77.68573
765	13.00557	77.68568
766	13.00552	77.68562
767	13.00550	77.68557
768	13.00547	77.68552
769	13.00544	77.68545
770	13.00540	77.68539
771	13.00536	77.68534
772	13.00532	77.68529
773	13.00529	77.68523
774	13.00527	77.68518
775	13.00524	77.68512
776	13.00521	77.68506
777	13.00520	77.68500
778	13.00519	77.68495
779	13.00524	77.68492
780	13.00530	77.68489
781	13.00536	77.68485
782	13.00542	77.68482
783	13.00547	77.68479
784	13.00553	77.68476
785	13.00560	77.68471
786	13.00566	77.68468
787	13.00572	77.68465
788	13.00578	77.68460
789	13.00584	77.68457
790	13.00589	77.68453
791	13.00595	77.68449
792	13.00600	77.68446
793	13.00606	77.68442
794	13.00613	77.68439
795	13.00618	77.68435
796	13.00624	77.68432
797	13.00630	77.68428
798	13.00635	77.68425
799	13.00641	77.68421
800	13.00646	77.68418
801	13.00651	77.68415
802	13.00657	77.68411
803	13.00662	77.68407
804	13.00669	77.68402
805	13.00674	77.68398
806	13.00680	77.68395
807	13.00687	77.68391
808	13.00693	77.68387
809	13.00699	77.68384
810	13.00705	77.68382
811	13.00711	77.68379
812	13.00717	77.68375
813	13.00723	77.68371
814	13.00728	77.68368
815	13.00734	77.68364
816	13.00741	77.68362
817	13.00747	77.68357
818	13.00753	77.68354
819	13.00759	77.68350
820	13.00764	77.68348
821	13.00770	77.68344
822	13.00775	77.68340
823	13.00782	77.68335
824	13.00788	77.68332
825	13.00793	77.68328
826	13.00799	77.68324
827	13.00804	77.68319
828	13.00809	77.68313
829	13.00814	77.68307
830	13.00820	77.68301
831	13.00826	77.68296
832	13.00832	77.68290
833	13.00835	77.68285
834	13.00842	77.68280
835	13.00848	77.68275
836	13.00854	77.68269
837	13.00859	77.68265
838	13.00865	77.68261
839	13.00871	77.68256
840	13.00876	77.68251
841	13.00881	77.68248
842	13.00887	77.68243
843	13.00893	77.68238
844	13.00898	77.68234
845	13.00903	77.68230
846	13.00909	77.68226
847	13.00914	77.68222
848	13.00920	77.68217
849	13.00927	77.68212
850	13.00933	77.68209
851	13.00940	77.68206
852	13.00945	77.68203
853	13.00951	77.68201
854	13.00957	77.68197
855	13.00962	77.68194
856	13.00968	77.68190
857	13.00974	77.68185
858	13.00980	77.68180
859	13.00984	77.68174
860	13.00989	77.68168
861	13.00995	77.68164
862	13.01000	77.68158
863	13.01005	77.68153
864	13.01011	77.68149
865	13.01017	77.68144
866	13.01022	77.68140
867	13.01028	77.68134
868	13.01033	77.68129
869	13.01038	77.68123
870	13.01043	77.68117
871	13.01049	77.68113
872	13.01054	77.68108
873	13.01060	77.68103
874	13.01065	77.68099
875	13.01071	77.68095
876	13.01077	77.68090
877	13.01083	77.68086
878	13.01088	77.68082
879	13.01093	77.68078
880	13.01100	77.68073
881	13.01105	77.68069
882	13.01110	77.68065
883	13.01118	77.68066
884	13.01123	77.68068
885	13.01127	77.68075
886	13.01127	77.68082
887	13.01127	77.68090
888	13.01127	77.68097
889	13.01126	77.68104
890	13.01125	77.68110
891	13.01124	77.68117
892	13.01124	77.68123
893	13.01123	77.68131
894	13.01123	77.68139
895	13.01123	77.68146
896	13.01123	77.68153
897	13.01122	77.68160
898	13.01121	77.68168
899	13.01119	77.68174
900	13.01119	77.68179
901	13.01118	77.68187
902	13.01117	77.68193
903	13.01117	77.68201
904	13.01118	77.68207
905	13.01121	77.68214
906	13.01126	77.68221
907	13.01133	77.68228
908	13.01139	77.68235
909	13.01144	77.68241
910	13.01148	77.68247
911	13.01154	77.68252
912	13.01161	77.68256
913	13.01166	77.68258
914	13.01171	77.68260
915	13.01177	77.68262
916	13.01184	77.68263
917	13.01189	77.68264
918	13.01195	77.68265
919	13.01201	77.68266
920	13.01206	77.68267
921	13.01213	77.68267
922	13.01219	77.68269
923	13.01227	77.68269
924	13.01234	77.68270
925	13.01240	77.68271
926	13.01246	77.68272
927	13.01252	77.68272
928	13.01259	77.68272
929	13.01266	77.68272
930	13.01272	77.68273
931	13.01280	77.68273
932	13.01287	77.68273
933	13.01293	77.68273
934	13.01299	77.68272
935	13.01304	77.68271
936	13.01309	77.68271
937	13.01315	77.68271
938	13.01321	77.68270
939	13.01327	77.68270
940	13.01333	77.68271
941	13.01338	77.68271
942	13.01346	77.68271
943	13.01351	77.68271
944	13.01357	77.68271
945	13.01363	77.68271
946	13.01369	77.68271
947	13.01375	77.68271
948	13.01380	77.68271
949	13.01386	77.68271
950	13.01392	77.68271
951	13.01399	77.68271
952	13.01406	77.68271
953	13.01413	77.68271
954	13.01419	77.68271
955	13.01426	77.68271
956	13.01431	77.68274
957	13.01431	77.68280
958	13.01430	77.68287
959	13.01429	77.68292
960	13.01429	77.68300
961	13.01429	77.68306
962	13.01429	77.68311
963	13.01429	77.68318
964	13.01429	77.68323
965	13.01429	77.68331
966	13.01429	77.68337
967	13.01428	77.68346
968	13.01428	77.68353
969	13.01428	77.68360
970	13.01429	77.68366
971	13.01430	77.68371
972	13.01431	77.68377
973	13.01432	77.68384
974	13.01434	77.68389
975	13.01435	77.68395
976	13.01437	77.68400
977	13.01438	77.68406
978	13.01440	77.68413
979	13.01441	77.68418
980	13.01443	77.68425
981	13.01445	77.68430
982	13.01446	77.68435
983	13.01447	77.68441
984	13.01450	77.68448
985	13.01451	77.68454
986	13.01455	77.68462
987	13.01458	77.68469
988	13.01464	77.68476
989	13.01468	77.68481
990	13.01475	77.68487
991	13.01482	77.68493
992	13.01488	77.68498
993	13.01494	77.68503
994	13.01500	77.68508
995	13.01507	77.68512
996	13.01512	77.68515
997	13.01519	77.68519
998	13.01524	77.68522
999	13.01530	77.68526
1000	13.01537	77.68529
1001	13.01543	77.68532
1002	13.01548	77.68535
1003	13.01553	77.68537
1004	13.01560	77.68539
1005	13.01566	77.68542
1006	13.01571	77.68544
1007	13.01577	77.68547
1008	13.01583	77.68551
1009	13.01589	77.68554
1010	13.01595	77.68555
1011	13.01601	77.68557
1012	13.01607	77.68558
1013	13.01613	77.68559
1014	13.01619	77.68560
1015	13.01627	77.68562
1016	13.01633	77.68563
1017	13.01638	77.68563
1018	13.01645	77.68563
1019	13.01651	77.68563
1020	13.01657	77.68563
1021	13.01663	77.68563
1022	13.01670	77.68562
1023	13.01676	77.68564
1024	13.01674	77.68571
1025	13.01673	77.68576
1026	13.01672	77.68583
1027	13.01672	77.68588
1028	13.01670	77.68595
1029	13.01669	77.68600
1030	13.01667	77.68606
1031	13.01673	77.68610
1032	13.01678	77.68610
1033	13.01687	77.68611
1034	13.01692	77.68612
1035	13.01699	77.68613
1036	13.01707	77.68614
1037	13.01714	77.68615
1038	13.01721	77.68616
1039	13.01727	77.68617
1040	13.01733	77.68617
1041	13.01737	77.68623
1042	13.01737	77.68630
1043	13.01736	77.68637
1044	13.01735	77.68643
1045	13.01734	77.68650
1046	13.01733	77.68656
1047	13.01733	77.68662
1048	13.01733	77.68669
1049	13.01733	77.68676
1050	13.01733	77.68684
1051	13.01733	77.68691
1052	13.01733	77.68698
1053	13.01733	77.68704
1054	13.01733	77.68711
1055	13.01733	77.68720
1056	13.01733	77.68727
1057	13.01733	77.68733
1058	13.01733	77.68740
1059	13.01732	77.68745
1060	13.01731	77.68752
1061	13.01730	77.68760
1062	13.01730	77.68767
1063	13.01729	77.68774
1064	13.01728	77.68780
1065	13.01727	77.68786
1066	13.01727	77.68793
1067	13.01726	77.68800
1068	13.01725	77.68807
1069	13.01725	77.68815
1070	13.01725	77.68821
1071	13.01728	77.68829
1072	13.01729	77.68834
1073	13.01731	77.68840
1074	13.01737	77.68842
1075	13.01743	77.68842
1076	13.01750	77.68843
1077	13.01755	77.68843
1078	13.01762	77.68844
1079	13.01770	77.68845
1080	13.01776	77.68845
1081	13.01781	77.68845
1082	13.01788	77.68845
1083	13.01793	77.68845
1084	13.01798	77.68845
1085	13.01805	77.68846
1086	13.01811	77.68847
1087	13.01817	77.68847
1088	13.01823	77.68847
1089	13.01829	77.68848
1090	13.01835	77.68848
1091	13.01842	77.68848
1092	13.01849	77.68848
1093	13.01855	77.68848
1094	13.01858	77.68854
1095	13.01858	77.68861
1096	13.01860	77.68866
1097	13.01860	77.68875
1098	13.01860	77.68881
1099	13.01860	77.68890
1100	13.01860	77.68898
1101	13.01860	77.68904
1102	13.01860	77.68912
1103	13.01860	77.68918
1104	13.01861	77.68925
1105	13.01863	77.68931
1106	13.01870	77.68931
1107	13.01877	77.68931
1108	13.01884	77.68931
1109	13.01892	77.68931
1110	13.01899	77.68931
1111	13.01905	77.68930
1112	13.01913	77.68929
1113	13.01920	77.68929
1114	13.01925	77.68929
1115	13.01932	77.68929
1116	13.01937	77.68929
1117	13.01945	77.68929
1118	13.01952	77.68929
1119	13.01960	77.68929
1120	13.01962	77.68935
1121	13.01963	77.68942
1122	13.01964	77.68950
1123	13.01965	77.68955
1124	13.01965	77.68964
1125	13.01966	77.68970
1126	13.01966	77.68976
1127	13.01966	77.68983
1128	13.01966	77.68991
1129	13.01966	77.68999
1130	13.01966	77.69006
1131	13.01966	77.69012
1132	13.01966	77.69017
1133	13.01966	77.69025
1134	13.01966	77.69031
1135	13.01966	77.69038
1136	13.01966	77.69046
1137	13.01966	77.69054
1138	13.01966	77.69061
1139	13.01966	77.69068
1140	13.01966	77.69078
1141	13.01972	77.69082
1142	13.01978	77.69081
1143	13.01984	77.69081
1144	13.01990	77.69081
1145	13.01996	77.69081
1146	13.02004	77.69081
1147	13.02013	77.69081
1148	13.02021	77.69081
1149	13.02027	77.69081
1150	13.02033	77.69081
1151	13.02042	77.69081
1152	13.02047	77.69081
1153	13.02054	77.69081
1154	13.02063	77.69081
1155	13.02068	77.69081
1156	13.02076	77.69081
1157	13.02083	77.69081
1158	13.02089	77.69081
1159	13.02096	77.69081
1160	13.02104	77.69081
1161	13.02106	77.69075
1162	13.02112	77.69072
1163	13.02118	77.69074
1164	13.02125	77.69076
1165	13.02132	77.69077
1166	13.02139	77.69077
1167	13.02144	77.69077
1168	13.02151	77.69078
1169	13.02156	77.69078
1170	13.02163	77.69078
1171	13.02168	77.69078
1172	13.02175	77.69078
1173	13.02181	77.69078
1174	13.02187	77.69078
1175	13.02195	77.69078
1176	13.02203	77.69080
1177	13.02210	77.69080
1178	13.02216	77.69081
1179	13.02222	77.69082
1180	13.02230	77.69082
1181	13.02237	77.69082
1182	13.02243	77.69082
1183	13.02249	77.69082
1184	13.02253	77.69089
1185	13.02253	77.69096
1186	13.02253	77.69103
1187	13.02253	77.69110
1188	13.02253	77.69118
1189	13.02252	77.69125
1190	13.02252	77.69131
1191	13.02252	77.69138
1192	13.02253	77.69145
1193	13.02253	77.69151
1194	13.02253	77.69158
1195	13.02254	77.69164
1196	13.02254	77.69172
1197	13.02254	77.69179
1198	13.02254	77.69187
1199	13.02255	77.69193
1200	13.02255	77.69199
1201	13.02262	77.69200
1202	13.02268	77.69201
1203	13.02274	77.69201
1204	13.02281	77.69203
1205	13.02289	77.69203
1206	13.02295	77.69204
1207	13.02301	77.69205
1208	13.02308	77.69205
1209	13.02315	77.69206
1210	13.02321	77.69206
1211	13.02328	77.69206
1212	13.02334	77.69205
1213	13.02340	77.69204
1214	13.02346	77.69204
1215	13.02353	77.69203
1216	13.02359	77.69203
1217	13.02365	77.69201
1218	13.02371	77.69201
1219	13.02378	77.69200
1220	13.02384	77.69199
1221	13.02391	77.69198
1222	13.02397	77.69198
1223	13.02404	77.69197
1224	13.02410	77.69197
1225	13.02416	77.69198
1226	13.02418	77.69204
1227	13.02418	77.69209
1228	13.02419	77.69215
1229	13.02420	77.69221
1230	13.02421	77.69228
1231	13.02421	77.69234
1232	13.02422	77.69240
1233	13.02422	77.69247
1234	13.02423	77.69253
1235	13.02424	77.69259
1236	13.02424	77.69266
1237	13.02424	77.69272
1238	13.02425	77.69281
1239	13.02422	77.69288
1240	13.02420	77.69294
1241	13.02418	77.69301
1242	13.02416	77.69309
1243	13.02414	77.69315
1244	13.02412	77.69320
1245	13.02410	77.69326
1246	13.02407	77.69333
1247	13.02406	77.69338
1248	13.02407	77.69344
1249	13.02407	77.69351
1250	13.02407	77.69357
1251	13.02407	77.69364
1252	13.02407	77.69371
1253	13.02406	77.69377
1254	13.02406	77.69384
1255	13.02406	77.69390
1256	13.02406	77.69396
1257	13.02406	77.69402
1258	13.02406	77.69410
1259	13.02415	77.69414
1260	13.02421	77.69414
1261	13.02428	77.69414
1262	13.02434	77.69414
1263	13.02440	77.69414
1264	13.02447	77.69414
1265	13.02452	77.69416
1266	13.02458	77.69416
1267	13.02465	77.69416
1268	13.02470	77.69417
1269	13.02476	77.69417
1270	13.02482	77.69417
1271	13.02489	77.69417
1272	13.02495	77.69417
1273	13.02501	77.69417
1274	13.02507	77.69416
1275	13.02514	77.69414
1276	13.02519	77.69413
1277	13.02525	77.69412
1278	13.02531	77.69412
1279	13.02537	77.69412
1280	13.02543	77.69412
1281	13.02549	77.69413
1282	13.02554	77.69414
1283	13.02560	77.69414
1284	13.02566	77.69416
1285	13.02573	77.69417
1286	13.02578	77.69418
1287	13.02584	77.69418
1288	13.02591	77.69418
1289	13.02597	77.69418
1290	13.02603	77.69418
1291	13.02611	77.69418
1292	13.02618	77.69418
1293	13.02624	77.69418
1294	13.02630	77.69417
1295	13.02636	77.69417
1296	13.02641	77.69416
1297	13.02648	77.69416
1298	13.02654	77.69416
1299	13.02660	77.69416
1300	13.02667	77.69416
1301	13.02673	77.69417
1302	13.02678	77.69418
1303	13.02688	77.69421
1304	13.02693	77.69423
1305	13.02698	77.69424
1306	13.02703	77.69426
1307	13.02714	77.69428
1308	13.02723	77.69431
1309	13.02730	77.69431
1310	13.02736	77.69432
1311	13.02741	77.69438
1312	13.02743	77.69445
1313	13.02743	77.69451
1314	13.02745	77.69456
1315	13.02750	77.69466
1316	13.02752	77.69472
1317	13.02753	77.69478
1318	13.02755	77.69483
1319	13.02756	77.69490
1320	13.02758	77.69499
1321	13.02759	77.69509
1322	13.02760	77.69514
1323	13.02761	77.69520
1324	13.02763	77.69525
1325	13.02764	77.69535
1326	13.02765	77.69541
1327	13.02769	77.69551
1328	13.02770	77.69556
1329	13.02771	77.69561
1330	13.02772	77.69567
1331	13.02775	77.69576
1332	13.02775	77.69583
1333	13.02777	77.69592
1334	13.02778	77.69597
1335	13.02779	77.69603
1336	13.02781	77.69609
1337	13.02784	77.69618
1338	13.02785	77.69624
1339	13.02789	77.69631
1340	13.02790	77.69637
1341	13.02792	77.69642
1342	13.02793	77.69647
1343	13.02795	77.69653
1344	13.02796	77.69658
1345	13.02797	77.69663
1346	13.02797	77.69670
1347	13.02798	77.69681
1348	13.02798	77.69687
1349	13.02798	77.69693
1350	13.02800	77.69700
1351	13.02800	77.69706
1352	13.02801	77.69712
1353	13.02803	77.69718
1354	13.02805	77.69728
1355	13.02806	77.69733
1356	13.02808	77.69739
1357	13.02808	77.69746
1358	13.02809	77.69757
1359	13.02810	77.69762
1360	13.02811	77.69774
1361	13.02811	77.69781
1362	13.02811	77.69788
1363	13.02811	77.69795
1364	13.02813	77.69801
1365	13.02813	77.69807
1366	13.02814	77.69814
1367	13.02816	77.69819
1368	13.02819	77.69829
1369	13.02820	77.69835
1370	13.02821	77.69842
1371	13.02823	77.69848
1372	13.02825	77.69854
1373	13.02826	77.69861
1374	13.02831	77.69872
1375	13.02832	77.69878
1376	13.02834	77.69889
1377	13.02835	77.69894
1378	13.02836	77.69901
1379	13.02837	77.69906
1380	13.02838	77.69911
1381	13.02838	77.69918
1382	13.02838	77.69924
1383	13.02839	77.69932
1384	13.02839	77.69938
1385	13.02840	77.69945
1386	13.02841	77.69951
1387	13.02842	77.69956
1388	13.02843	77.69963
1389	13.02843	77.69969
1390	13.02845	77.69975
1391	13.02846	77.69981
1392	13.02846	77.69989
1393	13.02846	77.69996
1394	13.02846	77.70004
1395	13.02846	77.70009
1396	13.02846	77.70015
1397	13.02846	77.70022
1398	13.02847	77.70027
1399	13.02847	77.70034
1400	13.02847	77.70041
1401	13.02847	77.70049
1402	13.02849	77.70054
1403	13.02849	77.70060
1404	13.02849	77.70068
1405	13.02850	77.70074
1406	13.02850	77.70081
1407	13.02851	77.70086
1408	13.02851	77.70093
1409	13.02851	77.70099
1410	13.02851	77.70105
1411	13.02852	77.70111
1412	13.02853	77.70118
1413	13.02854	77.70125
1414	13.02854	77.70131
1415	13.02854	77.70139
1416	13.02854	77.70145
1417	13.02854	77.70152
1418	13.02846	77.70152
1419	13.02839	77.70151
1420	13.02826	77.70149
1421	13.02819	77.70148
1422	13.02811	77.70148
1423	13.02802	77.70148
1424	13.02794	77.70148
1425	13.02783	77.70151
1426	13.02777	77.70153
1427	13.02765	77.70154
1428	13.02753	77.70162
1429	13.02754	77.70169
1430	13.02757	77.70177
1431	13.02759	77.70183
1432	13.02760	77.70189
1433	13.02762	77.70196
1434	13.02764	77.70203
1435	13.02768	77.70209
1436	13.02770	77.70215
1437	13.02773	77.70222
1438	13.02774	77.70228
1439	13.02777	77.70234
1440	13.02779	77.70241
1441	13.02780	77.70247
1442	13.02781	77.70254
1443	13.02784	77.70260
1444	13.02787	77.70267
1445	13.02789	77.70273
1446	13.02790	77.70279
1447	13.02792	77.70285
1448	13.02795	77.70292
1449	13.02798	77.70300
1450	13.02801	77.70306
1451	13.02803	77.70311
1452	13.02806	77.70317
1453	13.02809	77.70323
1454	13.02811	77.70329
1455	13.02813	77.70334
1456	13.02817	77.70341
1457	13.02819	77.70347
1458	13.02821	77.70354
1459	13.02823	77.70360
1460	13.02826	77.70366
1461	13.02830	77.70372
1462	13.02834	77.70378
1463	13.02837	77.70385
1464	13.02839	77.70391
1465	13.02841	77.70396
1466	13.02843	77.70403
1467	13.02844	77.70411
1468	13.02845	77.70416
1469	13.02846	77.70422
1470	13.02846	77.70428
1471	13.02847	77.70434
1472	13.02849	77.70439
1473	13.02852	77.70449
1474	13.02855	77.70457
1475	13.02856	77.70464
1476	13.02857	77.70469
1477	13.02858	77.70475
1478	13.02860	77.70480
1479	13.02860	77.70486
1480	13.02862	77.70497
1481	13.02862	77.70504
1482	13.02862	77.70510
1483	13.02861	77.70516
1484	13.02861	77.70523
1485	13.02860	77.70529
1486	13.02859	77.70536
1487	13.02858	77.70542
1488	13.02857	77.70549
1489	13.02855	77.70555
1490	13.02851	77.70566
1491	13.02847	77.70577
1492	13.02845	77.70583
1493	13.02843	77.70589
1494	13.02841	77.70595
1495	13.02839	77.70601
1496	13.02837	77.70607
1497	13.02836	77.70613
1498	13.02832	77.70624
1499	13.02831	77.70630
1500	13.02828	77.70636
1501	13.02826	77.70642
1502	13.02823	77.70648
1503	13.02820	77.70655
1504	13.02817	77.70661
1505	13.02813	77.70667
1506	13.02810	77.70672
1507	13.02806	77.70678
1508	13.02800	77.70689
1509	13.02796	77.70696
1510	13.02793	77.70702
1511	13.02789	77.70709
1512	13.02784	77.70714
1513	13.02781	77.70719
1514	13.02777	77.70725
1515	13.02774	77.70731
1516	13.02771	77.70736
1517	13.02769	77.70743
1518	13.02765	77.70748
1519	13.02764	77.70755
1520	13.02762	77.70761
1521	13.02760	77.70768
1522	13.02759	77.70774
1523	13.02758	77.70781
1524	13.02757	77.70788
1525	13.02756	77.70797
1526	13.02756	77.70803
1527	13.02756	77.70809
1528	13.02758	77.70820
1529	13.02758	77.70827
1530	13.02758	77.70834
1531	13.02758	77.70842
1532	13.02758	77.70848
1533	13.02758	77.70856
1534	13.02760	77.70862
1535	13.02760	77.70868
1536	13.02761	77.70874
1537	13.02761	77.70882
1538	13.02762	77.70889
1539	13.02763	77.70894
1540	13.02763	77.70901
1541	13.02763	77.70907
1542	13.02764	77.70913
1543	13.02765	77.70919
1544	13.02765	77.70925
1545	13.02765	77.70932
1546	13.02772	77.70939
1547	13.02779	77.70946
1548	13.02786	77.70953
1549	13.02793	77.70962
1550	13.02799	77.70970
1551	13.02805	77.70979
1552	13.02812	77.70988
1553	13.02818	77.70995
1554	13.02824	77.71001
1555	13.02831	77.71010
1556	13.02837	77.71018
1557	13.02843	77.71025
1558	13.02849	77.71033
1559	13.02855	77.71040
1560	13.02861	77.71049
1561	13.02869	77.71058
1562	13.02875	77.71066
1563	13.02881	77.71073
1564	13.02887	77.71081
1565	13.02894	77.71089
