Rank	Latitude	Longitude
1	12.98498	77.73646
2	12.98498	77.73651
3	12.98498	77.73564
4	12.98498	77.73558
5	12.98498	77.73552
6	12.98498	77.73546
7	12.98498	77.73541
8	12.98499	77.73640
9	12.98499	77.73656
10	12.98499	77.73634
11	12.98499	77.73437
12	12.98499	77.73431
13	12.98499	77.73628
14	12.98499	77.73593
15	12.98499	77.73587
16	12.98499	77.73581
17	12.98499	77.73575
18	12.98499	77.73569
19	12.98499	77.73535
20	12.98499	77.73443
21	12.98500	77.73732
22	12.98500	77.73727
23	12.98500	77.73721
24	12.98500	77.73623
25	12.98500	77.73617
26	12.98500	77.73611
27	12.98500	77.73605
28	12.98500	77.73599
29	12.98500	77.73530
30	12.98500	77.73524
31	12.98500	77.73426
32	12.98500	77.73420
33	12.98500	77.73785
34	12.98500	77.73518
35	12.98500	77.73779
36	12.98500	77.73662
37	12.98500	77.73466
38	12.98500	77.73461
39	12.98500	77.73790
40	12.98500	77.73738
41	12.98500	77.73512
42	12.98500	77.73506
43	12.98500	77.73500
44	12.98500	77.73495
45	12.98500	77.73489
46	12.98500	77.73449
47	12.98500	77.73415
48	12.98500	77.73409
49	12.98500	77.73404
50	12.98501	77.73773
51	12.98501	77.73692
52	12.98501	77.73685
53	12.98501	77.73680
54	12.98501	77.73674
55	12.98501	77.73668
56	12.98501	77.73455
57	12.98501	77.73397
58	12.98501	77.73391
59	12.98501	77.73472
60	12.98501	77.73767
61	12.98501	77.73762
62	12.98501	77.73756
63	12.98501	77.73751
64	12.98501	77.73745
65	12.98501	77.73714
66	12.98501	77.73385
67	12.98501	77.73709
68	12.98501	77.73703
69	12.98501	77.73698
70	12.98502	77.73483
71	12.98502	77.73478
72	12.98502	77.73795
73	12.98502	77.73380
74	12.98503	77.73802
75	12.98504	77.73808
76	12.98505	77.73813
77	12.98506	77.73824
78	12.98506	77.73819
79	12.98506	77.73830
80	12.98506	77.73841
81	12.98506	77.73835
82	12.98506	77.73373
83	12.98507	77.73852
84	12.98507	77.73847
85	12.98507	77.73858
86	12.98508	77.73864
87	12.98510	77.73870
88	12.98510	77.73875
89	12.98512	77.73373
90	12.98516	77.73876
91	12.98518	77.73373
92	12.98522	77.73875
93	12.98523	77.73373
94	12.98528	77.73875
95	12.98529	77.73373
96	12.98534	77.73876
97	12.98535	77.73372
98	12.98540	77.73372
99	12.98540	77.73876
100	12.98545	77.73876
101	12.98546	77.73371
102	12.98551	77.73371
103	12.98552	77.73875
104	12.98557	77.73875
105	12.98557	77.73370
106	12.98562	77.73350
107	12.98562	77.73345
108	12.98562	77.73355
109	12.98563	77.73339
110	12.98563	77.73361
111	12.98563	77.73875
112	12.98563	77.73368
113	12.98563	77.73334
114	12.98564	77.73305
115	12.98564	77.73300
116	12.98564	77.73295
117	12.98564	77.73290
118	12.98564	77.73329
119	12.98564	77.73323
120	12.98564	77.73318
121	12.98564	77.73312
122	12.98566	77.73283
123	12.98566	77.73278
124	12.98567	77.73273
125	12.98567	77.73266
126	12.98567	77.73261
127	12.98569	77.73256
128	12.98569	77.73875
129	12.98570	77.73250
130	12.98575	77.73875
131	12.98576	77.73246
132	12.98580	77.73240
133	12.98581	77.73875
134	12.98585	77.73235
135	12.98586	77.73875
136	12.98591	77.73231
137	12.98592	77.73875
138	12.98597	77.73875
139	12.98598	77.73228
140	12.98603	77.73874
141	12.98604	77.73225
142	12.98609	77.73873
143	12.98610	77.73222
144	12.98615	77.73873
145	12.98617	77.73219
146	12.98620	77.73873
147	12.98623	77.73215
148	12.98626	77.73873
149	12.98628	77.73211
150	12.98632	77.73872
151	12.98634	77.73205
152	12.98638	77.73872
153	12.98640	77.73199
154	12.98644	77.73876
155	12.98645	77.73195
156	12.98650	77.73881
157	12.98651	77.73190
158	12.98653	77.73886
159	12.98656	77.73893
160	12.98657	77.73186
161	12.98658	77.73899
162	12.98662	77.73905
163	12.98664	77.73184
164	12.98664	77.73910
165	12.98667	77.73916
166	12.98669	77.73183
167	12.98670	77.73922
168	12.98672	77.73928
169	12.98673	77.73933
170	12.98676	77.73939
171	12.98676	77.73182
172	12.98677	77.73944
173	12.98678	77.73950
174	12.98681	77.73955
175	12.98682	77.73961
176	12.98682	77.73181
177	12.98683	77.73966
178	12.98686	77.73971
179	12.98688	77.73977
180	12.98688	77.73181
181	12.98691	77.73983
182	12.98694	77.73989
183	12.98695	77.73180
184	12.98697	77.73995
185	12.98700	77.73179
186	12.98700	77.74001
187	12.98703	77.74006
188	12.98706	77.73179
189	12.98706	77.74012
190	12.98709	77.74017
191	12.98712	77.73178
192	12.98712	77.74023
193	12.98715	77.74028
194	12.98718	77.73178
195	12.98719	77.74034
196	12.98722	77.74039
197	12.98724	77.74044
198	12.98725	77.73178
199	12.98727	77.74050
200	12.98730	77.74056
201	12.98731	77.73178
202	12.98732	77.74061
203	12.98734	77.74067
204	12.98737	77.74073
205	12.98738	77.73177
206	12.98742	77.74078
207	12.98743	77.73176
208	12.98747	77.74073
209	12.98749	77.74067
210	12.98749	77.73175
211	12.98750	77.74061
212	12.98752	77.74056
213	12.98754	77.74049
214	12.98755	77.73174
215	12.98756	77.74043
216	12.98758	77.74037
217	12.98760	77.74031
218	12.98762	77.74025
219	12.98762	77.73173
220	12.98763	77.74019
221	12.98763	77.73976
222	12.98763	77.73970
223	12.98763	77.73964
224	12.98763	77.73959
225	12.98764	77.73983
226	12.98764	77.73953
227	12.98764	77.73936
228	12.98764	77.73930
229	12.98764	77.73925
230	12.98764	77.74013
231	12.98764	77.73947
232	12.98764	77.73941
233	12.98764	77.73918
234	12.98764	77.73912
235	12.98764	77.73906
236	12.98764	77.73900
237	12.98764	77.73895
238	12.98764	77.73889
239	12.98764	77.73882
240	12.98764	77.73876
241	12.98764	77.73871
242	12.98764	77.73988
243	12.98764	77.73864
244	12.98765	77.73741
245	12.98765	77.73735
246	12.98765	77.73728
247	12.98765	77.73723
248	12.98765	77.73717
249	12.98765	77.73711
250	12.98765	77.73705
251	12.98765	77.73700
252	12.98765	77.73695
253	12.98765	77.73688
254	12.98765	77.73682
255	12.98765	77.73677
256	12.98765	77.73671
257	12.98765	77.73665
258	12.98765	77.73859
259	12.98765	77.74007
260	12.98765	77.74000
261	12.98765	77.73994
262	12.98765	77.73854
263	12.98765	77.73746
264	12.98765	77.73848
265	12.98765	77.73751
266	12.98765	77.73659
267	12.98766	77.73757
268	12.98766	77.73842
269	12.98766	77.73837
270	12.98766	77.73831
271	12.98766	77.73653
272	12.98767	77.73825
273	12.98767	77.73606
274	12.98767	77.73600
275	12.98767	77.73762
276	12.98767	77.73612
277	12.98767	77.73819
278	12.98767	77.73595
279	12.98767	77.73173
280	12.98767	77.73814
281	12.98767	77.73808
282	12.98767	77.73803
283	12.98767	77.73796
284	12.98767	77.73768
285	12.98768	77.73589
286	12.98768	77.73791
287	12.98768	77.73584
288	12.98768	77.73774
289	12.98768	77.73647
290	12.98768	77.73617
291	12.98768	77.73578
292	12.98768	77.73785
293	12.98768	77.73779
294	12.98769	77.73640
295	12.98769	77.73622
296	12.98769	77.73572
297	12.98769	77.73634
298	12.98769	77.73629
299	12.98770	77.73565
300	12.98770	77.73560
301	12.98771	77.73554
302	12.98771	77.73549
303	12.98772	77.73544
304	12.98772	77.73538
305	12.98772	77.73533
306	12.98772	77.73528
307	12.98772	77.73173
308	12.98773	77.73523
309	12.98774	77.73518
310	12.98774	77.73512
311	12.98775	77.73506
312	12.98776	77.73501
313	12.98778	77.73495
314	12.98778	77.73173
315	12.98779	77.73489
316	12.98780	77.73484
317	12.98780	77.73478
318	12.98781	77.73473
319	12.98781	77.73467
320	12.98782	77.73461
321	12.98784	77.73454
322	12.98784	77.73173
323	12.98784	77.73448
324	12.98786	77.73442
325	12.98788	77.73436
326	12.98788	77.73431
327	12.98789	77.73425
328	12.98789	77.73173
329	12.98791	77.73419
330	12.98793	77.73412
331	12.98793	77.73407
332	12.98794	77.73402
333	12.98795	77.73396
334	12.98795	77.73390
335	12.98795	77.73384
336	12.98795	77.73378
337	12.98795	77.73372
338	12.98795	77.73172
339	12.98801	77.73369
340	12.98802	77.73172
341	12.98807	77.73367
342	12.98807	77.73172
343	12.98812	77.73366
344	12.98814	77.73172
345	12.98818	77.73365
346	12.98820	77.73173
347	12.98824	77.73365
348	12.98825	77.73173
349	12.98830	77.73364
350	12.98831	77.73174
351	12.98831	77.73168
352	12.98831	77.73161
353	12.98831	77.73156
354	12.98832	77.73150
355	12.98833	77.73144
356	12.98834	77.73139
357	12.98835	77.73133
358	12.98836	77.73363
359	12.98836	77.73127
360	12.98837	77.73121
361	12.98838	77.73116
362	12.98838	77.73110
363	12.98839	77.73104
364	12.98840	77.73099
365	12.98841	77.73093
366	12.98842	77.73362
367	12.98842	77.73087
368	12.98844	77.73081
369	12.98846	77.73076
370	12.98847	77.73071
371	12.98848	77.73361
372	12.98849	77.73065
373	12.98850	77.73059
374	12.98852	77.73054
375	12.98853	77.73048
376	12.98854	77.73042
377	12.98855	77.73034
378	12.98855	77.73360
379	12.98856	77.73029
380	12.98856	77.73022
381	12.98857	77.73017
382	12.98858	77.73010
383	12.98859	77.73005
384	12.98859	77.72999
385	12.98860	77.72993
386	12.98860	77.72987
387	12.98860	77.72981
388	12.98860	77.72975
389	12.98860	77.73358
390	12.98861	77.72970
391	12.98862	77.72963
392	12.98863	77.72958
393	12.98863	77.72953
394	12.98864	77.72947
395	12.98865	77.72942
396	12.98866	77.72935
397	12.98866	77.73356
398	12.98867	77.72929
399	12.98869	77.72923
400	12.98869	77.72917
401	12.98870	77.72911
402	12.98871	77.72904
403	12.98872	77.73355
404	12.98873	77.72898
405	12.98874	77.72893
406	12.98875	77.72888
407	12.98876	77.72883
408	12.98877	77.72877
409	12.98877	77.73355
410	12.98878	77.72871
411	12.98879	77.72865
412	12.98880	77.72859
413	12.98881	77.72854
414	12.98882	77.72849
415	12.98883	77.73354
416	12.98884	77.72843
417	12.98885	77.72838
418	12.98886	77.72831
419	12.98889	77.72824
420	12.98889	77.73353
421	12.98890	77.72819
422	12.98891	77.72813
423	12.98893	77.72807
424	12.98894	77.72801
425	12.98895	77.72795
426	12.98896	77.73352
427	12.98896	77.72789
428	12.98897	77.72783
429	12.98898	77.72778
430	12.98899	77.72772
431	12.98901	77.72766
432	12.98901	77.73351
433	12.98903	77.72761
434	12.98904	77.72755
435	12.98906	77.72748
436	12.98907	77.73349
437	12.98908	77.72742
438	12.98909	77.72737
439	12.98910	77.72730
440	12.98911	77.72724
441	12.98912	77.72717
442	12.98912	77.73347
443	12.98913	77.72712
444	12.98914	77.72706
445	12.98915	77.72700
446	12.98916	77.72694
447	12.98918	77.72687
448	12.98919	77.73346
449	12.98919	77.72682
450	12.98921	77.72676
451	12.98923	77.72670
452	12.98924	77.73345
453	12.98924	77.72664
454	12.98927	77.72657
455	12.98929	77.72652
456	12.98929	77.73343
457	12.98930	77.72646
458	12.98932	77.72641
459	12.98933	77.72635
460	12.98935	77.73341
461	12.98935	77.72630
462	12.98937	77.72625
463	12.98940	77.72619
464	12.98940	77.73340
465	12.98942	77.72613
466	12.98945	77.72607
467	12.98946	77.73339
468	12.98949	77.72602
469	12.98952	77.72597
470	12.98952	77.73338
471	12.98955	77.72591
472	12.98958	77.73337
473	12.98959	77.72586
474	12.98962	77.72580
475	12.98964	77.73336
476	12.98965	77.72574
477	12.98970	77.72568
478	12.98970	77.73336
479	12.98972	77.72562
480	12.98975	77.72557
481	12.98977	77.73335
482	12.98979	77.72550
483	12.98982	77.72545
484	12.98983	77.73334
485	12.98985	77.72540
486	12.98988	77.72534
487	12.98989	77.73334
488	12.98991	77.72528
489	12.98994	77.72521
490	12.98995	77.73333
491	12.98996	77.72515
492	12.98998	77.72508
493	12.99000	77.72503
494	12.99001	77.73332
495	12.99002	77.72497
496	12.99004	77.72491
497	12.99007	77.73332
498	12.99007	77.72485
499	12.99010	77.72479
500	12.99013	77.72473
501	12.99013	77.73330
502	12.99016	77.72467
503	12.99018	77.72462
504	12.99018	77.73329
505	12.99020	77.72457
506	12.99022	77.72451
507	12.99023	77.72444
508	12.99025	77.72439
509	12.99025	77.73329
510	12.99025	77.72434
511	12.99026	77.72428
512	12.99027	77.72422
513	12.99028	77.72416
514	12.99029	77.71371
515	12.99030	77.72409
516	12.99030	77.71366
517	12.99031	77.72404
518	12.99031	77.73328
519	12.99032	77.71361
520	12.99033	77.72397
521	12.99033	77.71377
522	12.99034	77.71356
523	12.99035	77.72391
524	12.99037	77.73327
525	12.99037	77.71383
526	12.99037	77.72385
527	12.99037	77.71350
528	12.99039	77.72380
529	12.99039	77.71344
530	12.99040	77.71339
531	12.99040	77.72374
532	12.99040	77.71388
533	12.99041	77.71332
534	12.99041	77.71326
535	12.99042	77.72368
536	12.99042	77.71321
537	12.99043	77.73326
538	12.99044	77.71394
539	12.99044	77.72362
540	12.99044	77.71315
541	12.99046	77.71400
542	12.99046	77.71310
543	12.99047	77.72356
544	12.99048	77.71303
545	12.99049	77.72349
546	12.99049	77.73326
547	12.99050	77.71298
548	12.99050	77.71406
549	12.99050	77.72344
550	12.99051	77.71292
551	12.99052	77.72338
552	12.99052	77.71287
553	12.99052	77.71281
554	12.99053	77.72332
555	12.99053	77.71412
556	12.99054	77.71276
557	12.99054	77.72327
558	12.99055	77.73324
559	12.99055	77.71270
560	12.99056	77.72320
561	12.99057	77.71264
562	12.99057	77.71417
563	12.99058	77.72313
564	12.99058	77.71258
565	12.99059	77.72308
566	12.99059	77.71252
567	12.99060	77.71246
568	12.99061	77.71241
569	12.99061	77.72302
570	12.99061	77.73323
571	12.99062	77.71236
572	12.99062	77.71423
573	12.99063	77.72296
574	12.99064	77.71230
575	12.99064	77.72291
576	12.99066	77.71224
577	12.99066	77.72285
578	12.99067	77.73323
579	12.99067	77.71218
580	12.99067	77.71213
581	12.99068	77.72279
582	12.99068	77.71427
583	12.99069	77.71207
584	12.99070	77.72272
585	12.99070	77.71202
586	12.99071	77.71196
587	12.99071	77.72266
588	12.99072	77.71191
589	12.99073	77.73323
590	12.99073	77.71185
591	12.99073	77.72260
592	12.99074	77.71432
593	12.99074	77.71179
594	12.99075	77.72255
595	12.99076	77.71174
596	12.99077	77.72248
597	12.99077	77.71169
598	12.99078	77.73321
599	12.99078	77.71163
600	12.99079	77.71439
601	12.99080	77.72242
602	12.99082	77.72236
603	12.99082	77.71158
604	12.99083	77.73320
605	12.99083	77.71444
606	12.99085	77.72230
607	12.99087	77.71449
608	12.99087	77.72225
609	12.99088	77.71158
610	12.99090	77.72220
611	12.99090	77.73318
612	12.99092	77.71454
613	12.99093	77.72213
614	12.99094	77.71159
615	12.99095	77.73317
616	12.99097	77.72208
617	12.99098	77.71460
618	12.99100	77.72202
619	12.99100	77.71161
620	12.99102	77.73317
621	12.99103	77.72196
622	12.99104	77.71465
623	12.99105	77.72191
624	12.99106	77.71162
625	12.99107	77.72185
626	12.99108	77.73316
627	12.99110	77.72179
628	12.99110	77.71470
629	12.99111	77.71162
630	12.99112	77.72173
631	12.99112	77.71475
632	12.99115	77.73315
633	12.99115	77.72168
634	12.99116	77.71481
635	12.99117	77.71163
636	12.99117	77.72163
637	12.99118	77.71486
638	12.99120	77.72158
639	12.99121	77.73314
640	12.99122	77.71492
641	12.99123	77.71162
642	12.99125	77.72151
643	12.99126	77.71498
644	12.99127	77.73312
645	12.99129	77.72146
646	12.99129	77.71162
647	12.99131	77.71503
648	12.99132	77.72140
649	12.99133	77.73311
650	12.99134	77.71161
651	12.99135	77.71508
652	12.99135	77.72135
653	12.99138	77.72130
654	12.99138	77.73310
655	12.99140	77.71160
656	12.99141	77.72124
657	12.99141	77.71513
658	12.99144	77.72118
659	12.99144	77.73308
660	12.99145	77.71161
661	12.99147	77.71518
662	12.99147	77.72112
663	12.99150	77.73308
664	12.99150	77.72107
665	12.99150	77.71161
666	12.99152	77.71524
667	12.99152	77.72102
668	12.99155	77.72096
669	12.99156	77.73307
670	12.99156	77.71161
671	12.99157	77.71529
672	12.99158	77.72090
673	12.99161	77.71534
674	12.99161	77.72084
675	12.99162	77.71161
676	12.99162	77.73307
677	12.99164	77.72079
678	12.99165	77.71540
679	12.99167	77.72074
680	12.99168	77.73306
681	12.99170	77.71162
682	12.99170	77.72069
683	12.99170	77.71546
684	12.99173	77.72062
685	12.99173	77.73305
686	12.99175	77.71163
687	12.99176	77.71551
688	12.99176	77.72057
689	12.99179	77.73304
690	12.99179	77.72051
691	12.99181	77.71164
692	12.99181	77.71556
693	12.99182	77.72045
694	12.99186	77.72039
695	12.99186	77.73304
696	12.99186	77.71164
697	12.99187	77.71560
698	12.99188	77.72033
699	12.99191	77.73304
700	12.99192	77.72027
701	12.99192	77.71165
702	12.99193	77.71565
703	12.99196	77.72022
704	12.99196	77.73303
705	12.99198	77.71167
706	12.99199	77.71570
707	12.99200	77.72016
708	12.99202	77.73302
709	12.99203	77.72010
710	12.99204	77.71574
711	12.99204	77.71168
712	12.99206	77.72005
713	12.99207	77.71999
714	12.99209	77.73300
715	12.99209	77.71168
716	12.99210	77.71993
717	12.99210	77.71579
718	12.99213	77.71987
719	12.99215	77.71168
720	12.99215	77.73300
721	12.99215	77.71584
722	12.99216	77.71982
723	12.99218	77.71976
724	12.99220	77.71971
725	12.99220	77.71590
726	12.99221	77.71168
727	12.99221	77.71965
728	12.99222	77.73298
729	12.99222	77.71960
730	12.99223	77.71596
731	12.99224	77.71954
732	12.99224	77.71948
733	12.99225	77.71943
734	12.99225	77.71938
735	12.99225	77.71931
736	12.99225	77.71925
737	12.99226	77.71919
738	12.99226	77.71602
739	12.99227	77.71914
740	12.99228	77.71608
741	12.99228	77.73297
742	12.99228	77.71169
743	12.99228	77.71907
744	12.99229	77.71902
745	12.99229	77.71896
746	12.99229	77.71891
747	12.99229	77.71614
748	12.99229	77.71884
749	12.99229	77.71724
750	12.99229	77.71718
751	12.99229	77.71712
752	12.99230	77.71730
753	12.99230	77.71707
754	12.99230	77.71701
755	12.99230	77.71879
756	12.99230	77.71839
757	12.99230	77.71833
758	12.99230	77.71827
759	12.99230	77.71735
760	12.99231	77.71874
761	12.99231	77.71845
762	12.99231	77.71696
763	12.99231	77.71821
764	12.99231	77.71815
765	12.99231	77.71809
766	12.99231	77.71851
767	12.99231	77.71742
768	12.99231	77.71689
769	12.99231	77.71869
770	12.99231	77.71863
771	12.99231	77.71857
772	12.99231	77.71803
773	12.99232	77.71752
774	12.99232	77.71747
775	12.99232	77.71684
776	12.99232	77.71619
777	12.99232	77.71797
778	12.99232	77.71758
779	12.99233	77.71791
780	12.99233	77.71786
781	12.99233	77.71763
782	12.99233	77.71678
783	12.99233	77.71780
784	12.99233	77.71774
785	12.99233	77.71769
786	12.99233	77.71626
787	12.99233	77.73296
788	12.99233	77.71673
789	12.99233	77.71637
790	12.99234	77.71667
791	12.99234	77.71643
792	12.99234	77.71632
793	12.99234	77.71660
794	12.99234	77.71655
795	12.99234	77.71649
796	12.99235	77.71170
797	12.99240	77.73295
798	12.99242	77.71170
799	12.99246	77.73295
800	12.99247	77.71171
801	12.99251	77.73294
802	12.99253	77.71172
803	12.99257	77.73293
804	12.99259	77.71172
805	12.99262	77.73293
806	12.99266	77.71172
807	12.99268	77.73292
808	12.99271	77.71168
809	12.99272	77.71162
810	12.99273	77.73291
811	12.99273	77.71155
812	12.99275	77.71149
813	12.99277	77.71142
814	12.99278	77.71137
815	12.99278	77.73290
816	12.99280	77.71131
817	12.99282	77.71126
818	12.99283	77.71121
819	12.99284	77.73288
820	12.99284	77.71115
821	12.99284	77.71110
822	12.99286	77.71105
823	12.99286	77.71099
824	12.99287	77.71094
825	12.99287	77.71089
826	12.99288	77.71083
827	12.99289	77.71078
828	12.99289	77.73287
829	12.99289	77.71072
830	12.99290	77.71067
831	12.99291	77.71061
832	12.99292	77.71055
833	12.99292	77.70916
834	12.99292	77.70911
835	12.99292	77.70905
836	12.99292	77.70900
837	12.99292	77.70895
838	12.99292	77.70888
839	12.99292	77.70883
840	12.99292	77.70877
841	12.99292	77.70871
842	12.99292	77.70865
843	12.99292	77.70859
844	12.99292	77.70922
845	12.99292	77.70853
846	12.99292	77.71050
847	12.99292	77.70927
848	12.99293	77.70848
849	12.99293	77.70939
850	12.99293	77.70933
851	12.99293	77.70951
852	12.99293	77.70946
853	12.99293	77.70842
854	12.99293	77.71044
855	12.99294	77.70989
856	12.99294	77.70984
857	12.99294	77.70978
858	12.99294	77.70971
859	12.99294	77.70964
860	12.99294	77.70958
861	12.99294	77.70995
862	12.99294	77.70837
863	12.99294	77.71037
864	12.99294	77.71031
865	12.99294	77.71025
866	12.99295	77.73286
867	12.99295	77.71019
868	12.99295	77.71013
869	12.99295	77.70830
870	12.99295	77.71000
871	12.99295	77.70824
872	12.99296	77.71007
873	12.99296	77.70819
874	12.99297	77.70814
875	12.99297	77.70808
876	12.99297	77.70803
877	12.99298	77.70796
878	12.99298	77.70791
879	12.99299	77.70784
880	12.99299	77.70778
881	12.99299	77.70773
882	12.99299	77.70768
883	12.99300	77.70761
884	12.99301	77.70727
885	12.99301	77.70721
886	12.99301	77.70755
887	12.99301	77.70732
888	12.99301	77.73286
889	12.99301	77.70715
890	12.99301	77.70750
891	12.99302	77.70744
892	12.99302	77.70739
893	12.99302	77.70709
894	12.99303	77.70703
895	12.99304	77.70697
896	12.99304	77.70691
897	12.99304	77.70684
898	12.99304	77.70679
899	12.99305	77.70673
900	12.99306	77.70668
901	12.99306	77.70662
902	12.99307	77.70605
903	12.99307	77.70598
904	12.99307	77.70592
905	12.99307	77.70587
906	12.99307	77.70610
907	12.99307	77.70580
908	12.99307	77.70575
909	12.99307	77.70570
910	12.99307	77.70563
911	12.99307	77.73284
912	12.99307	77.70656
913	12.99307	77.70616
914	12.99307	77.70557
915	12.99308	77.70550
916	12.99308	77.70622
917	12.99308	77.70543
918	12.99309	77.70650
919	12.99309	77.70627
920	12.99309	77.70537
921	12.99310	77.70644
922	12.99310	77.70633
923	12.99310	77.70531
924	12.99311	77.70639
925	12.99312	77.70525
926	12.99312	77.70520
927	12.99313	77.70513
928	12.99314	77.73284
929	12.99315	77.70508
930	12.99316	77.70503
931	12.99318	77.70497
932	12.99320	77.73283
933	12.99320	77.70491
934	12.99321	77.70485
935	12.99322	77.70480
936	12.99323	77.70475
937	12.99326	77.73282
938	12.99328	77.70476
939	12.99331	77.73280
940	12.99334	77.70476
941	12.99337	77.73279
942	12.99339	77.70477
943	12.99342	77.73277
944	12.99345	77.70479
945	12.99348	77.73276
946	12.99351	77.70480
947	12.99353	77.73274
948	12.99356	77.70482
949	12.99359	77.73273
950	12.99362	77.70484
951	12.99364	77.73271
952	12.99367	77.70484
953	12.99370	77.73267
954	12.99373	77.70485
955	12.99377	77.73266
956	12.99379	77.70485
957	12.99383	77.73263
958	12.99384	77.70485
959	12.99388	77.73261
960	12.99390	77.70486
961	12.99395	77.73258
962	12.99396	77.70487
963	12.99401	77.73255
964	12.99402	77.70487
965	12.99406	77.73252
966	12.99408	77.70487
967	12.99412	77.73249
968	12.99414	77.70488
969	12.99417	77.73246
970	12.99419	77.70489
971	12.99423	77.73243
972	12.99425	77.70490
973	12.99428	77.73239
974	12.99431	77.70491
975	12.99434	77.73235
976	12.99437	77.70491
977	12.99439	77.73231
978	12.99443	77.70492
979	12.99444	77.73227
980	12.99448	77.70493
981	12.99450	77.73223
982	12.99454	77.70493
983	12.99456	77.73219
984	12.99461	77.70494
985	12.99463	77.73214
986	12.99467	77.70495
987	12.99469	77.73211
988	12.99472	77.70495
989	12.99474	77.73208
990	12.99478	77.70496
991	12.99480	77.73206
992	12.99484	77.70497
993	12.99486	77.73203
994	12.99491	77.70498
995	12.99491	77.73200
996	12.99496	77.70498
997	12.99497	77.73197
998	12.99502	77.70500
999	12.99503	77.73195
1000	12.99508	77.70502
1001	12.99508	77.73192
1002	12.99513	77.70503
1003	12.99514	77.73189
1004	12.99519	77.70504
1005	12.99520	77.73186
1006	12.99525	77.70505
1007	12.99526	77.73183
1008	12.99531	77.73180
1009	12.99531	77.70505
1010	12.99536	77.73176
1011	12.99537	77.70506
1012	12.99541	77.73174
1013	12.99543	77.70508
1014	12.99548	77.73170
1015	12.99548	77.70509
1016	12.99551	77.73164
1017	12.99554	77.70510
1018	12.99556	77.73159
1019	12.99559	77.70510
1020	12.99562	77.73155
1021	12.99565	77.70511
1022	12.99568	77.73154
1023	12.99571	77.70512
1024	12.99573	77.73153
1025	12.99577	77.70513
1026	12.99579	77.73152
1027	12.99582	77.70514
1028	12.99586	77.73152
1029	12.99588	77.70516
1030	12.99593	77.73152
1031	12.99593	77.70516
1032	12.99598	77.73152
1033	12.99599	77.70517
1034	12.99604	77.73151
1035	12.99604	77.70518
1036	12.99605	77.70642
1037	12.99605	77.70647
1038	12.99606	77.70635
1039	12.99606	77.70654
1040	12.99606	77.70671
1041	12.99606	77.70665
1042	12.99606	77.70660
1043	12.99606	77.70630
1044	12.99606	77.70677
1045	12.99607	77.70684
1046	12.99607	77.70625
1047	12.99607	77.70690
1048	12.99608	77.70695
1049	12.99608	77.70620
1050	12.99608	77.70701
1051	12.99608	77.70614
1052	12.99609	77.70706
1053	12.99609	77.70608
1054	12.99610	77.73150
1055	12.99610	77.70520
1056	12.99611	77.70711
1057	12.99611	77.70602
1058	12.99611	77.70717
1059	12.99613	77.70597
1060	12.99613	77.70723
1061	12.99614	77.70591
1062	12.99615	77.70729
1063	12.99615	77.70586
1064	12.99616	77.70579
1065	12.99616	77.70574
1066	12.99616	77.70568
1067	12.99616	77.70563
1068	12.99616	77.70558
1069	12.99616	77.70547
1070	12.99616	77.70541
1071	12.99616	77.70536
1072	12.99616	77.70530
1073	12.99616	77.70734
1074	12.99616	77.70552
1075	12.99616	77.73149
1076	12.99616	77.70524
1077	12.99618	77.70741
1078	12.99620	77.70747
1079	12.99621	77.70754
1080	12.99624	77.73148
1081	12.99624	77.70759
1082	12.99629	77.70765
1083	12.99630	77.73144
1084	12.99633	77.70770
1085	12.99636	77.73142
1086	12.99639	77.70775
1087	12.99642	77.73141
1088	12.99644	77.70781
1089	12.99649	77.73140
1090	12.99650	77.70787
1091	12.99655	77.73139
1092	12.99655	77.70791
1093	12.99661	77.73138
1094	12.99661	77.70797
1095	12.99666	77.73144
1096	12.99667	77.70802
1097	12.99668	77.73150
1098	12.99670	77.73156
1099	12.99671	77.73161
1100	12.99672	77.73168
1101	12.99672	77.73179
1102	12.99672	77.73173
1103	12.99673	77.70807
1104	12.99673	77.73184
1105	12.99674	77.73190
1106	12.99676	77.73197
1107	12.99678	77.73202
1108	12.99678	77.70811
1109	12.99679	77.73208
1110	12.99679	77.73213
1111	12.99680	77.73219
1112	12.99681	77.73226
1113	12.99681	77.73231
1114	12.99683	77.73236
1115	12.99684	77.70816
1116	12.99684	77.73241
1117	12.99685	77.73248
1118	12.99687	77.73253
1119	12.99688	77.73259
1120	12.99689	77.73264
1121	12.99690	77.73270
1122	12.99691	77.70820
1123	12.99692	77.73275
1124	12.99694	77.73282
1125	12.99695	77.73287
1126	12.99697	77.73293
1127	12.99697	77.70825
1128	12.99699	77.73299
1129	12.99700	77.73306
1130	12.99702	77.73311
1131	12.99702	77.73318
1132	12.99703	77.73323
1133	12.99703	77.70828
1134	12.99704	77.73329
1135	12.99705	77.73334
1136	12.99705	77.73341
1137	12.99706	77.73347
1138	12.99707	77.73353
1139	12.99708	77.73358
1140	12.99709	77.73364
1141	12.99710	77.70831
1142	12.99711	77.73370
1143	12.99712	77.73375
1144	12.99714	77.73381
1145	12.99715	77.70834
1146	12.99716	77.73386
1147	12.99717	77.73392
1148	12.99718	77.73416
1149	12.99718	77.73411
1150	12.99718	77.73405
1151	12.99718	77.73399
1152	12.99719	77.73422
1153	12.99720	77.73428
1154	12.99721	77.70836
1155	12.99722	77.73435
1156	12.99723	77.73440
1157	12.99724	77.73453
1158	12.99724	77.73446
1159	12.99725	77.73458
1160	12.99726	77.70838
1161	12.99727	77.73464
1162	12.99729	77.73470
1163	12.99732	77.70840
1164	12.99732	77.73477
1165	12.99734	77.73483
1166	12.99735	77.73488
1167	12.99737	77.73494
1168	12.99738	77.73499
1169	12.99738	77.70844
1170	12.99738	77.73504
1171	12.99739	77.73509
1172	12.99740	77.73514
1173	12.99742	77.73520
1174	12.99743	77.73527
1175	12.99743	77.70846
1176	12.99744	77.73532
1177	12.99745	77.73538
1178	12.99746	77.73543
1179	12.99747	77.73549
1180	12.99747	77.73554
1181	12.99748	77.73560
1182	12.99749	77.73565
1183	12.99750	77.70847
1184	12.99751	77.73571
1185	12.99751	77.73576
1186	12.99752	77.75246
1187	12.99752	77.73582
1188	12.99753	77.75240
1189	12.99753	77.73587
1190	12.99753	77.75252
1191	12.99753	77.75235
1192	12.99754	77.75229
1193	12.99754	77.73593
1194	12.99755	77.75257
1195	12.99755	77.75224
1196	12.99755	77.73599
1197	12.99756	77.75218
1198	12.99756	77.75213
1199	12.99756	77.73604
1200	12.99756	77.70850
1201	12.99757	77.75263
1202	12.99757	77.75207
1203	12.99757	77.73610
1204	12.99758	77.75268
1205	12.99758	77.75201
1206	12.99758	77.73615
1207	12.99758	77.75195
1208	12.99758	77.73627
1209	12.99758	77.73622
1210	12.99759	77.75189
1211	12.99760	77.73633
1212	12.99760	77.75184
1213	12.99760	77.75274
1214	12.99760	77.75178
1215	12.99761	77.73639
1216	12.99762	77.75172
1217	12.99762	77.73644
1218	12.99762	77.70852
1219	12.99762	77.75279
1220	12.99763	77.75166
1221	12.99763	77.75160
1222	12.99763	77.73649
1223	12.99764	77.75284
1224	12.99765	77.75154
1225	12.99765	77.73656
1226	12.99766	77.73661
1227	12.99766	77.75148
1228	12.99766	77.75290
1229	12.99767	77.75143
1230	12.99767	77.75137
1231	12.99767	77.73667
1232	12.99768	77.70854
1233	12.99769	77.75132
1234	12.99769	77.73672
1235	12.99770	77.75126
1236	12.99770	77.75295
1237	12.99770	77.73677
1238	12.99771	77.73683
1239	12.99771	77.75120
1240	12.99771	77.73689
1241	12.99772	77.73694
1242	12.99773	77.75114
1243	12.99773	77.73700
1244	12.99773	77.75109
1245	12.99774	77.75301
1246	12.99774	77.75104
1247	12.99774	77.73705
1248	12.99774	77.70856
1249	12.99775	77.75098
1250	12.99775	77.75093
1251	12.99775	77.73711
1252	12.99776	77.75088
1253	12.99776	77.75082
1254	12.99776	77.73717
1255	12.99777	77.73723
1256	12.99777	77.73729
1257	12.99777	77.75076
1258	12.99778	77.75306
1259	12.99778	77.75069
1260	12.99778	77.75063
1261	12.99778	77.75057
1262	12.99778	77.73735
1263	12.99779	77.75051
1264	12.99779	77.75045
1265	12.99780	77.73741
1266	12.99780	77.70858
1267	12.99780	77.75039
1268	12.99781	77.75033
1269	12.99781	77.73746
1270	12.99782	77.75311
1271	12.99782	77.75027
1272	12.99783	77.75020
1273	12.99783	77.73752
1274	12.99784	77.75015
1275	12.99784	77.73758
1276	12.99784	77.73763
1277	12.99785	77.75010
1278	12.99785	77.75005
1279	12.99785	77.73769
1280	12.99786	77.75316
1281	12.99786	77.75000
1282	12.99787	77.73775
1283	12.99787	77.74993
1284	12.99787	77.70861
1285	12.99787	77.74988
1286	12.99788	77.73781
1287	12.99789	77.74982
1288	12.99789	77.73786
1289	12.99790	77.74976
1290	12.99790	77.73791
1291	12.99790	77.75322
1292	12.99790	77.74970
1293	12.99791	77.73797
1294	12.99791	77.74964
1295	12.99792	77.73803
1296	12.99792	77.74958
1297	12.99793	77.74953
1298	12.99793	77.70864
1299	12.99794	77.75327
1300	12.99794	77.74947
1301	12.99794	77.73809
1302	12.99795	77.74941
1303	12.99795	77.73815
1304	12.99796	77.73821
1305	12.99796	77.74936
1306	12.99797	77.73827
1307	12.99797	77.74929
1308	12.99797	77.73833
1309	12.99798	77.75333
1310	12.99798	77.73839
1311	12.99799	77.74922
1312	12.99799	77.73845
1313	12.99799	77.70869
1314	12.99800	77.73851
1315	12.99800	77.74917
1316	12.99801	77.73857
1317	12.99802	77.74911
1318	12.99802	77.73862
1319	12.99802	77.75338
1320	12.99803	77.73868
1321	12.99803	77.74905
1322	12.99803	77.73873
1323	12.99804	77.73879
1324	12.99804	77.75343
1325	12.99805	77.74898
1326	12.99805	77.73886
1327	12.99805	77.70873
1328	12.99806	77.73891
1329	12.99806	77.74891
1330	12.99806	77.73898
1331	12.99807	77.75349
1332	12.99807	77.73904
1333	12.99808	77.73910
1334	12.99808	77.73916
1335	12.99809	77.74885
1336	12.99810	77.75355
1337	12.99810	77.74880
1338	12.99810	77.73922
1339	12.99811	77.70877
1340	12.99811	77.74875
1341	12.99811	77.73928
1342	12.99812	77.74868
1343	12.99812	77.73934
1344	12.99813	77.75361
1345	12.99813	77.74863
1346	12.99814	77.73940
1347	12.99814	77.74858
1348	12.99815	77.73946
1349	12.99816	77.73951
1350	12.99816	77.75367
1351	12.99816	77.73957
1352	12.99816	77.74852
1353	12.99817	77.70880
1354	12.99817	77.74847
1355	12.99817	77.74840
1356	12.99817	77.73963
1357	12.99818	77.74834
1358	12.99818	77.73968
1359	12.99819	77.75372
1360	12.99819	77.73973
1361	12.99819	77.74827
1362	12.99819	77.73978
1363	12.99820	77.74821
1364	12.99820	77.73983
1365	12.99821	77.74814
1366	12.99822	77.74808
1367	12.99822	77.75379
1368	12.99822	77.73989
1369	12.99822	77.73995
1370	12.99823	77.74802
1371	12.99823	77.74000
1372	12.99823	77.70883
1373	12.99824	77.74007
1374	12.99824	77.74795
1375	12.99825	77.74013
1376	12.99825	77.74790
1377	12.99825	77.74019
1378	12.99826	77.74783
1379	12.99826	77.74025
1380	12.99827	77.74777
1381	12.99827	77.74030
1382	12.99827	77.74770
1383	12.99828	77.75383
1384	12.99828	77.74037
1385	12.99828	77.74764
1386	12.99828	77.74043
1387	12.99828	77.70885
1388	12.99829	77.74759
1389	12.99829	77.74048
1390	12.99829	77.74055
1391	12.99830	77.74752
1392	12.99830	77.74061
1393	12.99831	77.74745
1394	12.99831	77.74067
1395	12.99831	77.74740
1396	12.99832	77.74734
1397	12.99832	77.74073
1398	12.99833	77.75384
1399	12.99833	77.74728
1400	12.99834	77.70886
1401	12.99834	77.74721
1402	12.99834	77.74080
1403	12.99835	77.74715
1404	12.99836	77.74708
1405	12.99836	77.74085
1406	12.99837	77.74703
1407	12.99837	77.74090
1408	12.99838	77.74697
1409	12.99838	77.74095
1410	12.99838	77.74101
1411	12.99839	77.75387
1412	12.99839	77.74692
1413	12.99839	77.74106
1414	12.99840	77.70888
1415	12.99841	77.74686
1416	12.99841	77.74681
1417	12.99841	77.74112
1418	12.99842	77.74675
1419	12.99842	77.74670
1420	12.99842	77.74117
1421	12.99843	77.74664
1422	12.99843	77.74658
1423	12.99843	77.74652
1424	12.99844	77.74647
1425	12.99844	77.74123
1426	12.99845	77.74641
1427	12.99846	77.74129
1428	12.99846	77.75390
1429	12.99846	77.74635
1430	12.99846	77.70890
1431	12.99847	77.74135
1432	12.99847	77.74630
1433	12.99849	77.74624
1434	12.99849	77.74141
1435	12.99851	77.74618
1436	12.99851	77.74147
1437	12.99851	77.74153
1438	12.99852	77.74158
1439	12.99852	77.74612
1440	12.99852	77.70892
1441	12.99853	77.75392
1442	12.99853	77.74164
1443	12.99853	77.74170
1444	12.99854	77.74606
1445	12.99855	77.74175
1446	12.99855	77.74600
1447	12.99856	77.74594
1448	12.99856	77.74181
1449	12.99857	77.74588
1450	12.99858	77.75394
1451	12.99858	77.74186
1452	12.99858	77.70895
1453	12.99858	77.74582
1454	12.99859	77.74577
1455	12.99859	77.74192
1456	12.99860	77.74571
1457	12.99860	77.74197
1458	12.99860	77.74204
1459	12.99860	77.74566
1460	12.99861	77.74559
1461	12.99861	77.74209
1462	12.99862	77.74554
1463	12.99863	77.74548
1464	12.99863	77.75395
1465	12.99863	77.70897
1466	12.99864	77.74543
1467	12.99864	77.74215
1468	12.99865	77.74536
1469	12.99865	77.74222
1470	12.99865	77.74227
1471	12.99866	77.74530
1472	12.99866	77.74233
1473	12.99866	77.74524
1474	12.99867	77.74238
1475	12.99867	77.74518
1476	12.99867	77.74243
1477	12.99868	77.74513
1478	12.99868	77.74507
1479	12.99869	77.70894
1480	12.99869	77.70888
1481	12.99869	77.74501
1482	12.99869	77.75397
1483	12.99869	77.74495
1484	12.99869	77.74248
1485	12.99870	77.74489
1486	12.99871	77.74254
1487	12.99871	77.74483
1488	12.99871	77.74265
1489	12.99871	77.74260
1490	12.99871	77.70883
1491	12.99871	77.74272
1492	12.99872	77.74478
1493	12.99872	77.74277
1494	12.99872	77.74472
1495	12.99873	77.70877
1496	12.99873	77.74465
1497	12.99874	77.74459
1498	12.99874	77.74418
1499	12.99874	77.74413
1500	12.99874	77.74283
1501	12.99874	77.74408
1502	12.99874	77.74424
1503	12.99874	77.74453
1504	12.99874	77.74306
1505	12.99874	77.74300
1506	12.99874	77.74295
1507	12.99874	77.74289
1508	12.99875	77.74447
1509	12.99875	77.74442
1510	12.99875	77.74436
1511	12.99875	77.74431
1512	12.99875	77.74403
1513	12.99875	77.75398
1514	12.99875	77.74396
1515	12.99875	77.74391
1516	12.99875	77.74385
1517	12.99875	77.74313
1518	12.99875	77.70871
1519	12.99876	77.74338
1520	12.99876	77.74331
1521	12.99876	77.74325
1522	12.99876	77.74319
1523	12.99876	77.74378
1524	12.99876	77.74372
1525	12.99876	77.74367
1526	12.99876	77.74344
1527	12.99877	77.70865
1528	12.99877	77.74361
1529	12.99877	77.74350
1530	12.99877	77.74355
1531	12.99878	77.70860
1532	12.99879	77.70855
1533	12.99881	77.70849
1534	12.99882	77.75400
1535	12.99882	77.70844
1536	12.99884	77.70839
1537	12.99886	77.70832
1538	12.99887	77.70826
1539	12.99888	77.75401
1540	12.99888	77.70821
1541	12.99890	77.70815
1542	12.99891	77.70809
1543	12.99892	77.70803
1544	12.99893	77.70797
1545	12.99893	77.75402
1546	12.99895	77.70791
1547	12.99896	77.70786
1548	12.99898	77.70781
1549	12.99899	77.75403
1550	12.99899	77.70776
1551	12.99901	77.70770
1552	12.99903	77.70765
1553	12.99904	77.70758
1554	12.99905	77.75400
1555	12.99906	77.70752
1556	12.99907	77.70747
1557	12.99908	77.70742
1558	12.99909	77.70736
1559	12.99910	77.70730
1560	12.99911	77.75398
1561	12.99912	77.70724
1562	12.99913	77.70719
1563	12.99913	77.70714
1564	12.99916	77.70707
1565	12.99917	77.75397
1566	12.99917	77.70702
1567	12.99919	77.70696
1568	12.99921	77.70689
1569	12.99922	77.75396
1570	12.99922	77.70684
1571	12.99924	77.70678
1572	12.99925	77.70672
1573	12.99927	77.70666
1574	12.99928	77.75395
1575	12.99929	77.70661
1576	12.99929	77.70656
1577	12.99931	77.70651
1578	12.99932	77.70645
1579	12.99933	77.75395
1580	12.99933	77.70639
1581	12.99934	77.70634
1582	12.99937	77.70629
1583	12.99939	77.75395
1584	12.99943	77.70629
1585	12.99945	77.75395
1586	12.99949	77.70629
1587	12.99951	77.75394
1588	12.99955	77.70629
1589	12.99958	77.75393
1590	12.99961	77.70629
1591	12.99964	77.75393
1592	12.99968	77.70629
1593	12.99970	77.75392
1594	12.99975	77.70629
1595	12.99976	77.75391
1596	12.99980	77.70630
1597	12.99982	77.75388
1598	12.99986	77.70630
1599	12.99988	77.75386
1600	12.99992	77.70630
1601	12.99993	77.75386
1602	12.99997	77.70630
1603	12.99999	77.75385
1604	13.00002	77.70630
1605	13.00004	77.75384
1606	13.00008	77.70631
1607	13.00010	77.75384
1608	13.00014	77.70631
1609	13.00017	77.75387
1610	13.00020	77.70631
1611	13.00023	77.75390
1612	13.00026	77.70631
1613	13.00030	77.75394
1614	13.00033	77.70631
1615	13.00035	77.75397
1616	13.00038	77.70633
1617	13.00040	77.75400
1618	13.00044	77.70634
1619	13.00046	77.75403
1620	13.00050	77.70635
1621	13.00053	77.75406
1622	13.00057	77.70635
1623	13.00059	77.75409
1624	13.00062	77.70636
1625	13.00064	77.75412
1626	13.00067	77.70637
1627	13.00071	77.75415
1628	13.00074	77.70637
1629	13.00076	77.75418
1630	13.00078	77.75581
1631	13.00079	77.75587
1632	13.00079	77.75576
1633	13.00080	77.75569
1634	13.00080	77.70637
1635	13.00080	77.75563
1636	13.00081	77.75558
1637	13.00082	77.75421
1638	13.00083	77.75552
1639	13.00083	77.75592
1640	13.00084	77.75547
1641	13.00086	77.75541
1642	13.00086	77.70637
1643	13.00087	77.75535
1644	13.00088	77.75424
1645	13.00089	77.75529
1646	13.00089	77.75597
1647	13.00090	77.75523
1648	13.00091	77.75518
1649	13.00091	77.75512
1650	13.00092	77.70637
1651	13.00093	77.75506
1652	13.00093	77.75501
1653	13.00094	77.75428
1654	13.00094	77.75495
1655	13.00095	77.75489
1656	13.00095	77.75602
1657	13.00096	77.75483
1658	13.00096	77.75477
1659	13.00097	77.75472
1660	13.00098	77.75466
1661	13.00098	77.70637
1662	13.00099	77.75461
1663	13.00099	77.75431
1664	13.00099	77.75455
1665	13.00100	77.75449
1666	13.00101	77.75606
1667	13.00102	77.75444
1668	13.00103	77.75438
1669	13.00104	77.70638
1670	13.00107	77.75609
1671	13.00111	77.70639
1672	13.00113	77.75614
1673	13.00116	77.75620
1674	13.00117	77.70640
1675	13.00120	77.75626
1676	13.00122	77.75632
1677	13.00122	77.70642
1678	13.00123	77.75637
1679	13.00124	77.75643
1680	13.00125	77.75648
1681	13.00126	77.75654
1682	13.00127	77.75661
1683	13.00127	77.70644
1684	13.00128	77.75666
1685	13.00128	77.75671
1686	13.00130	77.75677
1687	13.00131	77.75683
1688	13.00132	77.75689
1689	13.00133	77.75712
1690	13.00133	77.75706
1691	13.00133	77.75700
1692	13.00133	77.75695
1693	13.00133	77.75718
1694	13.00133	77.70644
1695	13.00134	77.75740
1696	13.00134	77.75735
1697	13.00134	77.75730
1698	13.00134	77.75723
1699	13.00134	77.75746
1700	13.00135	77.75751
1701	13.00136	77.75757
1702	13.00139	77.70646
1703	13.00141	77.75760
1704	13.00144	77.70646
1705	13.00146	77.75759
1706	13.00151	77.70647
1707	13.00152	77.75757
1708	13.00157	77.70648
1709	13.00158	77.75755
1710	13.00162	77.70650
1711	13.00164	77.75754
1712	13.00168	77.70651
1713	13.00169	77.75752
1714	13.00174	77.70653
1715	13.00175	77.75750
1716	13.00180	77.70655
1717	13.00181	77.75749
1718	13.00186	77.70656
1719	13.00186	77.75748
1720	13.00191	77.70657
1721	13.00193	77.75747
1722	13.00198	77.70659
1723	13.00199	77.75747
1724	13.00204	77.70662
1725	13.00205	77.75746
1726	13.00210	77.70665
1727	13.00211	77.75745
1728	13.00216	77.70667
1729	13.00217	77.75744
1730	13.00221	77.70670
1731	13.00223	77.75743
1732	13.00227	77.70674
1733	13.00229	77.75742
1734	13.00232	77.70677
1735	13.00234	77.75740
1736	13.00237	77.70681
1737	13.00240	77.75746
1738	13.00242	77.75752
1739	13.00243	77.70685
1740	13.00245	77.75758
1741	13.00246	77.75763
1742	13.00248	77.75768
1743	13.00249	77.70689
1744	13.00250	77.75774
1745	13.00251	77.75780
1746	13.00253	77.75785
1747	13.00255	77.75791
1748	13.00255	77.70691
1749	13.00256	77.75796
1750	13.00258	77.75802
1751	13.00260	77.70693
1752	13.00260	77.75808
1753	13.00263	77.75814
1754	13.00264	77.75892
1755	13.00264	77.75886
1756	13.00265	77.75881
1757	13.00265	77.75875
1758	13.00266	77.75961
1759	13.00266	77.75955
1760	13.00266	77.75949
1761	13.00266	77.75870
1762	13.00266	77.75966
1763	13.00266	77.75899
1764	13.00266	77.75820
1765	13.00266	77.75978
1766	13.00266	77.75973
1767	13.00266	77.75865
1768	13.00267	77.75944
1769	13.00267	77.75916
1770	13.00267	77.75909
1771	13.00267	77.75904
1772	13.00267	77.75859
1773	13.00267	77.70696
1774	13.00267	77.75985
1775	13.00267	77.75937
1776	13.00267	77.75932
1777	13.00267	77.75927
1778	13.00267	77.75921
1779	13.00267	77.75826
1780	13.00267	77.75853
1781	13.00267	77.75990
1782	13.00267	77.75831
1783	13.00268	77.75846
1784	13.00268	77.75841
1785	13.00268	77.75836
1786	13.00269	77.75996
1787	13.00272	77.70697
1788	13.00274	77.75995
1789	13.00277	77.70699
1790	13.00280	77.75995
1791	13.00283	77.70701
1792	13.00286	77.75995
1793	13.00288	77.70703
1794	13.00293	77.75995
1795	13.00294	77.70704
1796	13.00299	77.75995
1797	13.00300	77.70704
1798	13.00305	77.75994
1799	13.00306	77.70705
1800	13.00311	77.75993
1801	13.00312	77.70707
1802	13.00317	77.70709
1803	13.00318	77.75992
1804	13.00323	77.70709
1805	13.00324	77.75992
1806	13.00329	77.70711
1807	13.00330	77.75992
1808	13.00334	77.70712
1809	13.00335	77.75991
1810	13.00340	77.70714
1811	13.00341	77.75991
1812	13.00346	77.70714
1813	13.00346	77.75990
1814	13.00351	77.70715
1815	13.00351	77.75989
1816	13.00357	77.70716
1817	13.00358	77.75988
1818	13.00363	77.70717
1819	13.00364	77.75988
1820	13.00369	77.75987
1821	13.00370	77.70718
1822	13.00376	77.75987
1823	13.00377	77.70719
1824	13.00382	77.75986
1825	13.00384	77.70720
1826	13.00387	77.75986
1827	13.00391	77.70720
1828	13.00393	77.75986
1829	13.00398	77.70721
1830	13.00398	77.75986
1831	13.00404	77.75986
1832	13.00404	77.70722
1833	13.00409	77.75986
1834	13.00410	77.70723
1835	13.00416	77.75986
1836	13.00416	77.70723
1837	13.00421	77.75986
1838	13.00422	77.70724
1839	13.00427	77.70724
1840	13.00427	77.75986
1841	13.00428	77.70829
1842	13.00428	77.70836
1843	13.00428	77.70824
1844	13.00429	77.70818
1845	13.00429	77.70812
1846	13.00429	77.70807
1847	13.00430	77.70800
1848	13.00430	77.70842
1849	13.00430	77.70794
1850	13.00430	77.70788
1851	13.00430	77.70782
1852	13.00430	77.70770
1853	13.00430	77.70764
1854	13.00430	77.70847
1855	13.00431	77.70853
1856	13.00431	77.70776
1857	13.00431	77.70759
1858	13.00431	77.70859
1859	13.00431	77.70864
1860	13.00431	77.70754
1861	13.00432	77.70870
1862	13.00432	77.70748
1863	13.00432	77.70876
1864	13.00433	77.70743
1865	13.00433	77.75986
1866	13.00433	77.70881
1867	13.00433	77.70993
1868	13.00433	77.70987
1869	13.00433	77.70982
1870	13.00433	77.70977
1871	13.00433	77.70738
1872	13.00433	77.70998
1873	13.00433	77.70893
1874	13.00433	77.70887
1875	13.00434	77.70914
1876	13.00434	77.70909
1877	13.00434	77.70904
1878	13.00434	77.70898
1879	13.00434	77.70732
1880	13.00434	77.70725
1881	13.00434	77.70920
1882	13.00434	77.71003
1883	13.00434	77.70971
1884	13.00434	77.70965
1885	13.00434	77.70953
1886	13.00434	77.70948
1887	13.00434	77.70943
1888	13.00434	77.70937
1889	13.00434	77.70932
1890	13.00434	77.70927
1891	13.00435	77.70960
1892	13.00436	77.71009
1893	13.00436	77.71021
1894	13.00436	77.71015
1895	13.00436	77.71027
1896	13.00437	77.71033
1897	13.00437	77.71061
1898	13.00437	77.71055
1899	13.00437	77.71050
1900	13.00437	77.71045
1901	13.00437	77.71040
1902	13.00437	77.71099
1903	13.00437	77.71094
1904	13.00437	77.71083
1905	13.00437	77.71078
1906	13.00437	77.71073
1907	13.00437	77.71067
1908	13.00438	77.71088
1909	13.00438	77.71117
1910	13.00438	77.71111
1911	13.00438	77.71106
1912	13.00438	77.75986
1913	13.00438	77.71124
1914	13.00440	77.71129
1915	13.00441	77.71135
1916	13.00442	77.71141
1917	13.00443	77.71152
1918	13.00443	77.71147
1919	13.00444	77.71158
1920	13.00445	77.71163
1921	13.00445	77.75986
1922	13.00446	77.71175
1923	13.00446	77.71168
1924	13.00447	77.71181
1925	13.00448	77.71187
1926	13.00449	77.71193
1927	13.00450	77.71198
1928	13.00451	77.71203
1929	13.00451	77.75985
1930	13.00451	77.71209
1931	13.00452	77.71214
1932	13.00452	77.71219
1933	13.00452	77.71572
1934	13.00452	77.71567
1935	13.00453	77.71578
1936	13.00453	77.71561
1937	13.00453	77.71556
1938	13.00453	77.71584
1939	13.00453	77.71619
1940	13.00453	77.71590
1941	13.00453	77.71551
1942	13.00453	77.71624
1943	13.00453	77.71613
1944	13.00454	77.71608
1945	13.00454	77.71601
1946	13.00454	77.71596
1947	13.00454	77.71225
1948	13.00454	77.71698
1949	13.00454	77.71659
1950	13.00454	77.71629
1951	13.00454	77.71545
1952	13.00454	77.71247
1953	13.00454	77.71242
1954	13.00454	77.71236
1955	13.00454	77.71709
1956	13.00454	77.71704
1957	13.00454	77.71692
1958	13.00454	77.71635
1959	13.00454	77.71539
1960	13.00455	77.71801
1961	13.00455	77.71761
1962	13.00455	77.71755
1963	13.00455	77.71731
1964	13.00455	77.71725
1965	13.00455	77.71715
1966	13.00455	77.71664
1967	13.00455	77.71654
1968	13.00455	77.71647
1969	13.00455	77.71641
1970	13.00455	77.71265
1971	13.00455	77.71259
1972	13.00455	77.71254
1973	13.00455	77.71231
1974	13.00455	77.71808
1975	13.00455	77.71796
1976	13.00455	77.71749
1977	13.00455	77.71738
1978	13.00455	77.71687
1979	13.00455	77.71681
1980	13.00455	77.71676
1981	13.00455	77.71670
1982	13.00455	77.71533
1983	13.00455	77.71767
1984	13.00455	77.71744
1985	13.00455	77.71720
1986	13.00455	77.71777
1987	13.00455	77.71772
1988	13.00456	77.71789
1989	13.00456	77.71783
1990	13.00456	77.71271
1991	13.00456	77.71814
1992	13.00456	77.71527
1993	13.00456	77.71522
1994	13.00457	77.71820
1995	13.00457	77.71516
1996	13.00457	77.71510
1997	13.00457	77.71504
1998	13.00457	77.75985
1999	13.00458	77.71498
2000	13.00458	77.71826
2001	13.00458	77.71277
2002	13.00458	77.71838
2003	13.00458	77.71831
2004	13.00459	77.71493
2005	13.00459	77.71843
2006	13.00459	77.71283
2007	13.00459	77.71849
2008	13.00460	77.71487
2009	13.00460	77.71289
2010	13.00461	77.71295
2011	13.00461	77.71481
2012	13.00461	77.71855
2013	13.00461	77.71301
2014	13.00462	77.71474
2015	13.00462	77.71306
2016	13.00462	77.71311
2017	13.00462	77.71468
2018	13.00462	77.75985
2019	13.00463	77.71317
2020	13.00463	77.71323
2021	13.00463	77.71463
2022	13.00464	77.71456
2023	13.00464	77.71330
2024	13.00465	77.71451
2025	13.00465	77.71335
2026	13.00465	77.71445
2027	13.00466	77.71341
2028	13.00466	77.71440
2029	13.00466	77.71347
2030	13.00467	77.71857
2031	13.00467	77.71353
2032	13.00467	77.71434
2033	13.00467	77.71359
2034	13.00468	77.71429
2035	13.00468	77.75984
2036	13.00468	77.71423
2037	13.00469	77.71365
2038	13.00469	77.71370
2039	13.00469	77.71417
2040	13.00469	77.71376
2041	13.00470	77.71382
2042	13.00470	77.71411
2043	13.00471	77.71393
2044	13.00471	77.71387
2045	13.00471	77.71399
2046	13.00471	77.71405
2047	13.00472	77.71859
2048	13.00474	77.75984
2049	13.00478	77.71861
2050	13.00480	77.75984
2051	13.00484	77.71863
2052	13.00485	77.75984
2053	13.00490	77.71866
2054	13.00491	77.75985
2055	13.00496	77.71868
2056	13.00497	77.75986
2057	13.00502	77.71869
2058	13.00503	77.75986
2059	13.00508	77.71871
2060	13.00510	77.75987
2061	13.00514	77.71872
2062	13.00516	77.75988
2063	13.00520	77.71874
2064	13.00521	77.75989
2065	13.00526	77.71876
2066	13.00527	77.75989
2067	13.00533	77.71878
2068	13.00533	77.75990
2069	13.00538	77.71879
2070	13.00540	77.75990
2071	13.00544	77.71881
2072	13.00545	77.75991
2073	13.00549	77.71883
2074	13.00555	77.71884
2075	13.00555	77.75991
2076	13.00561	77.75986
2077	13.00561	77.71886
2078	13.00566	77.75981
2079	13.00567	77.71887
2080	13.00572	77.75976
2081	13.00573	77.71890
2082	13.00577	77.75971
2083	13.00579	77.71891
2084	13.00582	77.75965
2085	13.00585	77.71892
2086	13.00587	77.75960
2087	13.00591	77.71892
2088	13.00592	77.75954
2089	13.00596	77.75949
2090	13.00597	77.71892
2091	13.00602	77.75944
2092	13.00602	77.71893
2093	13.00608	77.71894
2094	13.00608	77.75943
2095	13.00613	77.71895
2096	13.00615	77.75943
2097	13.00619	77.71896
2098	13.00620	77.75943
2099	13.00624	77.71896
2100	13.00625	77.75942
2101	13.00630	77.71897
2102	13.00631	77.75942
2103	13.00635	77.71897
2104	13.00638	77.75944
2105	13.00641	77.71898
2106	13.00644	77.75944
2107	13.00646	77.71898
2108	13.00649	77.75945
2109	13.00653	77.71899
2110	13.00655	77.75947
2111	13.00658	77.71900
2112	13.00661	77.75948
2113	13.00664	77.71900
2114	13.00668	77.75950
2115	13.00671	77.71901
2116	13.00673	77.75952
2117	13.00677	77.71901
2118	13.00679	77.75954
2119	13.00683	77.71901
2120	13.00686	77.75955
2121	13.00689	77.71901
2122	13.00692	77.75957
2123	13.00695	77.71901
2124	13.00697	77.75959
2125	13.00701	77.71901
2126	13.00703	77.75961
2127	13.00708	77.71901
2128	13.00709	77.75963
2129	13.00714	77.71901
2130	13.00715	77.75965
2131	13.00719	77.71902
2132	13.00721	77.75967
2133	13.00726	77.71902
2134	13.00726	77.75968
2135	13.00732	77.75970
2136	13.00732	77.71902
2137	13.00738	77.71903
2138	13.00738	77.75969
2139	13.00744	77.75967
2140	13.00744	77.71904
2141	13.00750	77.71905
2142	13.00750	77.75965
2143	13.00756	77.71906
2144	13.00756	77.75964
2145	13.00762	77.75962
2146	13.00762	77.71907
2147	13.00767	77.75960
2148	13.00769	77.71908
2149	13.00773	77.75957
2150	13.00776	77.71908
2151	13.00777	77.75952
2152	13.00779	77.75946
2153	13.00783	77.75940
2154	13.00783	77.71908
2155	13.00784	77.75934
2156	13.00787	77.75929
2157	13.00788	77.71908
2158	13.00789	77.75924
2159	13.00791	77.75918
2160	13.00793	77.75912
2161	13.00794	77.71908
2162	13.00795	77.75907
2163	13.00797	77.75901
2164	13.00798	77.75896
2165	13.00800	77.71910
2166	13.00800	77.75890
2167	13.00802	77.75885
2168	13.00805	77.75879
2169	13.00806	77.71911
2170	13.00812	77.75874
2171	13.00812	77.71911
2172	13.00818	77.75870
2173	13.00818	77.71911
2174	13.00823	77.75869
2175	13.00823	77.71913
2176	13.00829	77.71914
2177	13.00829	77.75866
2178	13.00835	77.71916
2179	13.00835	77.75864
2180	13.00840	77.71917
2181	13.00840	77.75860
2182	13.00845	77.75855
2183	13.00847	77.71919
2184	13.00848	77.75849
2185	13.00851	77.75844
2186	13.00852	77.71920
2187	13.00853	77.75838
2188	13.00856	77.75832
2189	13.00858	77.71922
2190	13.00859	77.75827
2191	13.00861	77.75822
2192	13.00863	77.75817
2193	13.00864	77.75810
2194	13.00864	77.71922
2195	13.00865	77.75805
2196	13.00865	77.75799
2197	13.00866	77.75794
2198	13.00868	77.75789
2199	13.00869	77.75783
2200	13.00870	77.75777
2201	13.00871	77.71923
2202	13.00871	77.75771
2203	13.00873	77.75766
2204	13.00876	77.75760
2205	13.00877	77.71924
2206	13.00878	77.75755
2207	13.00882	77.75750
2208	13.00883	77.71925
2209	13.00885	77.75744
2210	13.00890	77.71926
2211	13.00890	77.75738
2212	13.00890	77.75474
2213	13.00890	77.75469
2214	13.00894	77.75732
2215	13.00896	77.75463
2216	13.00896	77.75478
2217	13.00896	77.71926
2218	13.00899	77.75726
2219	13.00901	77.75483
2220	13.00901	77.75457
2221	13.00902	77.71926
2222	13.00904	77.75720
2223	13.00906	77.75489
2224	13.00906	77.74471
2225	13.00906	77.74465
2226	13.00907	77.74477
2227	13.00907	77.75452
2228	13.00907	77.74483
2229	13.00908	77.74458
2230	13.00908	77.71926
2231	13.00908	77.75715
2232	13.00908	77.74489
2233	13.00909	77.74453
2234	13.00909	77.74496
2235	13.00910	77.74502
2236	13.00910	77.74447
2237	13.00911	77.75495
2238	13.00911	77.74509
2239	13.00912	77.74515
2240	13.00912	77.74441
2241	13.00913	77.75448
2242	13.00913	77.74532
2243	13.00913	77.74527
2244	13.00913	77.74521
2245	13.00914	77.75709
2246	13.00914	77.74434
2247	13.00914	77.71927
2248	13.00916	77.74428
2249	13.00916	77.75500
2250	13.00917	77.74422
2251	13.00917	77.74381
2252	13.00917	77.74375
2253	13.00917	77.74370
2254	13.00917	77.74538
2255	13.00917	77.74416
2256	13.00917	77.74410
2257	13.00917	77.74404
2258	13.00918	77.74398
2259	13.00918	77.74393
2260	13.00918	77.74387
2261	13.00918	77.75444
2262	13.00918	77.74364
2263	13.00918	77.74358
2264	13.00919	77.75705
2265	13.00919	77.74352
2266	13.00920	77.71929
2267	13.00920	77.74346
2268	13.00921	77.74341
2269	13.00921	77.74335
2270	13.00922	77.75506
2271	13.00922	77.74329
2272	13.00922	77.74114
2273	13.00922	77.74108
2274	13.00922	77.74078
2275	13.00923	77.74539
2276	13.00923	77.74102
2277	13.00923	77.74097
2278	13.00923	77.74092
2279	13.00923	77.74085
2280	13.00923	77.74323
2281	13.00923	77.75441
2282	13.00923	77.74119
2283	13.00923	77.74073
2284	13.00924	77.74317
2285	13.00924	77.74312
2286	13.00924	77.74125
2287	13.00924	77.74211
2288	13.00924	77.74205
2289	13.00924	77.74199
2290	13.00924	77.74193
2291	13.00924	77.74188
2292	13.00924	77.75701
2293	13.00924	77.74306
2294	13.00924	77.74130
2295	13.00925	77.74216
2296	13.00925	77.74182
2297	13.00925	77.74136
2298	13.00925	77.74300
2299	13.00925	77.74221
2300	13.00925	77.74176
2301	13.00925	77.74142
2302	13.00926	77.74294
2303	13.00926	77.74287
2304	13.00926	77.74280
2305	13.00926	77.74170
2306	13.00926	77.74068
2307	13.00926	77.74273
2308	13.00926	77.74267
2309	13.00926	77.74227
2310	13.00926	77.74148
2311	13.00926	77.71930
2312	13.00926	77.74165
2313	13.00926	77.74159
2314	13.00926	77.74154
2315	13.00926	77.74262
2316	13.00926	77.74233
2317	13.00927	77.74256
2318	13.00927	77.74251
2319	13.00927	77.74245
2320	13.00927	77.74239
2321	13.00928	77.75509
2322	13.00928	77.75436
2323	13.00929	77.74539
2324	13.00930	77.75696
2325	13.00930	77.74062
2326	13.00932	77.71931
2327	13.00933	77.75510
2328	13.00934	77.75431
2329	13.00934	77.74057
2330	13.00934	77.74540
2331	13.00935	77.75693
2332	13.00937	77.71932
2333	13.00938	77.74051
2334	13.00939	77.75512
2335	13.00939	77.75426
2336	13.00940	77.74541
2337	13.00940	77.75689
2338	13.00942	77.74046
2339	13.00943	77.71933
2340	13.00945	77.75515
2341	13.00945	77.75421
2342	13.00946	77.75685
2343	13.00946	77.74542
2344	13.00946	77.74041
2345	13.00946	77.75416
2346	13.00950	77.71934
2347	13.00950	77.75680
2348	13.00950	77.75516
2349	13.00950	77.75411
2350	13.00950	77.74035
2351	13.00951	77.74542
2352	13.00954	77.75405
2353	13.00955	77.71935
2354	13.00955	77.74029
2355	13.00955	77.75518
2356	13.00956	77.75675
2357	13.00957	77.75400
2358	13.00958	77.74542
2359	13.00959	77.73852
2360	13.00959	77.73846
2361	13.00959	77.73840
2362	13.00959	77.73834
2363	13.00959	77.73827
2364	13.00959	77.73857
2365	13.00959	77.73822
2366	13.00960	77.73817
2367	13.00960	77.74023
2368	13.00960	77.73864
2369	13.00960	77.73870
2370	13.00960	77.73811
2371	13.00960	77.73876
2372	13.00961	77.75394
2373	13.00961	77.75671
2374	13.00961	77.73806
2375	13.00961	77.71934
2376	13.00961	77.75520
2377	13.00961	77.73883
2378	13.00962	77.73888
2379	13.00963	77.74017
2380	13.00963	77.73893
2381	13.00963	77.73799
2382	13.00964	77.73899
2383	13.00964	77.74542
2384	13.00964	77.75388
2385	13.00964	77.73904
2386	13.00965	77.73793
2387	13.00965	77.73910
2388	13.00965	77.74011
2389	13.00966	77.73788
2390	13.00966	77.75521
2391	13.00967	77.71933
2392	13.00967	77.73916
2393	13.00967	77.75666
2394	13.00967	77.74005
2395	13.00967	77.73932
2396	13.00967	77.73927
2397	13.00967	77.73921
2398	13.00968	77.73943
2399	13.00968	77.73938
2400	13.00968	77.73782
2401	13.00968	77.75383
2402	13.00968	77.73999
2403	13.00968	77.73954
2404	13.00968	77.73949
2405	13.00968	77.73964
2406	13.00968	77.73959
2407	13.00969	77.73994
2408	13.00969	77.73970
2409	13.00969	77.73987
2410	13.00969	77.73975
2411	13.00969	77.74542
2412	13.00969	77.73776
2413	13.00970	77.73980
2414	13.00971	77.73770
2415	13.00972	77.75661
2416	13.00972	77.73764
2417	13.00973	77.71933
2418	13.00973	77.75523
2419	13.00973	77.75377
2420	13.00974	77.73758
2421	13.00974	77.75656
2422	13.00975	77.74543
2423	13.00975	77.73752
2424	13.00977	77.75651
2425	13.00977	77.75371
2426	13.00977	77.73746
2427	13.00978	77.71932
2428	13.00978	77.75523
2429	13.00979	77.73741
2430	13.00980	77.75645
2431	13.00980	77.73734
2432	13.00980	77.73723
2433	13.00980	77.73729
2434	13.00981	77.74543
2435	13.00981	77.75366
2436	13.00981	77.73716
2437	13.00982	77.75639
2438	13.00983	77.73711
2439	13.00983	77.71930
2440	13.00984	77.73704
2441	13.00985	77.75634
2442	13.00985	77.75361
2443	13.00985	77.73697
2444	13.00985	77.75525
2445	13.00986	77.73691
2446	13.00986	77.75628
2447	13.00986	77.74543
2448	13.00987	77.73685
2449	13.00988	77.73679
2450	13.00989	77.75623
2451	13.00989	77.71930
2452	13.00989	77.73673
2453	13.00989	77.75355
2454	13.00990	77.73667
2455	13.00990	77.73662
2456	13.00991	77.73657
2457	13.00991	77.75527
2458	13.00991	77.75617
2459	13.00991	77.73652
2460	13.00992	77.74543
2461	13.00992	77.73645
2462	13.00992	77.73640
2463	13.00992	77.73634
2464	13.00992	77.73629
2465	13.00992	77.73623
2466	13.00992	77.73618
2467	13.00992	77.73612
2468	13.00993	77.73606
2469	13.00994	77.75349
2470	13.00994	77.73601
2471	13.00994	77.71929
2472	13.00995	77.75611
2473	13.00997	77.75529
2474	13.00998	77.74543
2475	13.00998	77.75605
2476	13.00999	77.75344
2477	13.00999	77.73595
2478	13.01000	77.71929
2479	13.01001	77.75599
2480	13.01003	77.75339
2481	13.01004	77.75530
2482	13.01004	77.75594
2483	13.01004	77.74543
2484	13.01005	77.73590
2485	13.01006	77.71928
2486	13.01007	77.75589
2487	13.01007	77.75334
2488	13.01009	77.75532
2489	13.01010	77.75583
2490	13.01011	77.73587
2491	13.01012	77.75328
2492	13.01012	77.74543
2493	13.01012	77.71928
2494	13.01013	77.75577
2495	13.01013	77.71999
2496	13.01013	77.71934
2497	13.01013	77.71940
2498	13.01014	77.71945
2499	13.01014	77.71992
2500	13.01014	77.71986
2501	13.01014	77.71957
2502	13.01014	77.71951
2503	13.01014	77.71981
2504	13.01015	77.71963
2505	13.01015	77.71975
2506	13.01015	77.71970
2507	13.01016	77.75571
2508	13.01016	77.75533
2509	13.01016	77.75322
2510	13.01017	77.73585
2511	13.01018	77.74543
2512	13.01018	77.72005
2513	13.01018	77.75565
2514	13.01020	77.75559
2515	13.01021	77.75535
2516	13.01021	77.75317
2517	13.01022	77.75554
2518	13.01024	77.73584
2519	13.01024	77.75548
2520	13.01024	77.72007
2521	13.01025	77.74543
2522	13.01026	77.75543
2523	13.01027	77.75312
2524	13.01027	77.75537
2525	13.01030	77.72009
2526	13.01030	77.73585
2527	13.01030	77.74543
2528	13.01031	77.75306
2529	13.01035	77.72010
2530	13.01037	77.73585
2531	13.01037	77.75299
2532	13.01037	77.74544
2533	13.01040	77.72011
2534	13.01043	77.75294
2535	13.01043	77.74545
2536	13.01044	77.73585
2537	13.01047	77.72013
2538	13.01049	77.75290
2539	13.01049	77.74545
2540	13.01049	77.73585
2541	13.01053	77.72015
2542	13.01054	77.75285
2543	13.01055	77.73585
2544	13.01056	77.74546
2545	13.01058	77.75280
2546	13.01058	77.72020
2547	13.01061	77.73585
2548	13.01062	77.75275
2549	13.01062	77.74546
2550	13.01064	77.72023
2551	13.01065	77.75269
2552	13.01067	77.74547
2553	13.01068	77.75262
2554	13.01068	77.73585
2555	13.01069	77.72026
2556	13.01070	77.75256
2557	13.01073	77.75250
2558	13.01073	77.74547
2559	13.01073	77.73586
2560	13.01075	77.75244
2561	13.01075	77.72030
2562	13.01076	77.75237
2563	13.01076	77.74928
2564	13.01076	77.74922
2565	13.01076	77.74917
2566	13.01076	77.74911
2567	13.01076	77.74906
2568	13.01077	77.74934
2569	13.01077	77.74900
2570	13.01077	77.74939
2571	13.01077	77.74894
2572	13.01078	77.74945
2573	13.01078	77.74888
2574	13.01078	77.75232
2575	13.01078	77.74882
2576	13.01079	77.74951
2577	13.01079	77.74875
2578	13.01079	77.74868
2579	13.01079	77.74860
2580	13.01079	77.74853
2581	13.01079	77.74847
2582	13.01079	77.74842
2583	13.01079	77.74835
2584	13.01079	77.74828
2585	13.01079	77.74556
2586	13.01079	77.74550
2587	13.01079	77.75226
2588	13.01079	77.73587
2589	13.01080	77.74957
2590	13.01080	77.74821
2591	13.01080	77.74561
2592	13.01080	77.74816
2593	13.01080	77.75221
2594	13.01080	77.74963
2595	13.01080	77.74810
2596	13.01081	77.74804
2597	13.01081	77.74566
2598	13.01081	77.74987
2599	13.01081	77.74981
2600	13.01081	77.74975
2601	13.01081	77.74969
2602	13.01081	77.75070
2603	13.01081	77.75064
2604	13.01081	77.75058
2605	13.01081	77.72035
2606	13.01081	77.75081
2607	13.01081	77.75075
2608	13.01081	77.75052
2609	13.01081	77.74799
2610	13.01082	77.74992
2611	13.01082	77.74793
2612	13.01082	77.74572
2613	13.01082	77.75016
2614	13.01082	77.75010
2615	13.01082	77.75215
2616	13.01082	77.74999
2617	13.01082	77.75132
2618	13.01082	77.75127
2619	13.01082	77.75121
2620	13.01082	77.75116
2621	13.01082	77.75111
2622	13.01082	77.75105
2623	13.01082	77.75099
2624	13.01082	77.75093
2625	13.01082	77.75087
2626	13.01082	77.75045
2627	13.01082	77.75004
2628	13.01082	77.75138
2629	13.01082	77.74788
2630	13.01082	77.75143
2631	13.01082	77.75022
2632	13.01082	77.74782
2633	13.01082	77.74578
2634	13.01083	77.74583
2635	13.01083	77.75210
2636	13.01083	77.75155
2637	13.01083	77.75149
2638	13.01083	77.75038
2639	13.01083	77.75032
2640	13.01083	77.75027
2641	13.01083	77.74589
2642	13.01084	77.75161
2643	13.01084	77.74776
2644	13.01084	77.74600
2645	13.01084	77.74594
2646	13.01084	77.75203
2647	13.01084	77.75190
2648	13.01084	77.75183
2649	13.01084	77.74771
2650	13.01084	77.74606
2651	13.01085	77.75196
2652	13.01085	77.75167
2653	13.01085	77.73587
2654	13.01085	77.75178
2655	13.01085	77.74766
2656	13.01085	77.75173
2657	13.01085	77.74761
2658	13.01085	77.74612
2659	13.01086	77.74755
2660	13.01086	77.74654
2661	13.01086	77.74648
2662	13.01086	77.74641
2663	13.01086	77.74634
2664	13.01086	77.74629
2665	13.01086	77.74623
2666	13.01086	77.74618
2667	13.01086	77.74659
2668	13.01086	77.74749
2669	13.01086	77.74665
2670	13.01087	77.72037
2671	13.01087	77.74743
2672	13.01087	77.74737
2673	13.01087	77.74671
2674	13.01088	77.74731
2675	13.01088	77.74724
2676	13.01088	77.74719
2677	13.01088	77.74714
2678	13.01088	77.74708
2679	13.01088	77.74702
2680	13.01088	77.74696
2681	13.01088	77.74691
2682	13.01088	77.74685
2683	13.01088	77.74678
2684	13.01091	77.73588
2685	13.01092	77.72042
2686	13.01098	77.72045
2687	13.01098	77.73588
2688	13.01104	77.73588
2689	13.01104	77.72048
2690	13.01110	77.73589
2691	13.01110	77.72050
2692	13.01116	77.73590
2693	13.01117	77.72052
2694	13.01122	77.73590
2695	13.01123	77.72055
2696	13.01128	77.73590
2697	13.01129	77.72057
2698	13.01134	77.73591
2699	13.01135	77.72059
2700	13.01140	77.73590
2701	13.01141	77.72060
2702	13.01146	77.73590
2703	13.01146	77.72062
2704	13.01152	77.73589
2705	13.01153	77.72064
2706	13.01158	77.73591
2707	13.01158	77.72065
2708	13.01163	77.72067
2709	13.01163	77.73592
2710	13.01169	77.73593
2711	13.01170	77.72069
2712	13.01175	77.73594
2713	13.01177	77.72071
2714	13.01181	77.73595
2715	13.01184	77.72073
2716	13.01187	77.73595
2717	13.01190	77.72073
2718	13.01192	77.73596
2719	13.01194	77.73361
2720	13.01194	77.73356
2721	13.01194	77.73349
2722	13.01195	77.73367
2723	13.01195	77.73373
2724	13.01195	77.73343
2725	13.01195	77.72074
2726	13.01196	77.73379
2727	13.01196	77.73337
2728	13.01196	77.73390
2729	13.01196	77.73385
2730	13.01196	77.73332
2731	13.01198	77.73396
2732	13.01198	77.73326
2733	13.01198	77.73320
2734	13.01199	77.73597
2735	13.01199	77.73315
2736	13.01200	77.73310
2737	13.01201	77.73402
2738	13.01202	77.73304
2739	13.01202	77.72077
2740	13.01202	77.73298
2741	13.01203	77.72083
2742	13.01203	77.73291
2743	13.01203	77.73408
2744	13.01204	77.73285
2745	13.01205	77.73415
2746	13.01205	77.73280
2747	13.01205	77.72089
2748	13.01206	77.73273
2749	13.01206	77.73598
2750	13.01207	77.73268
2751	13.01208	77.73422
2752	13.01208	77.72094
2753	13.01208	77.73263
2754	13.01209	77.73257
2755	13.01209	77.73428
2756	13.01210	77.73252
2757	13.01210	77.72099
2758	13.01211	77.73246
2759	13.01211	77.73433
2760	13.01211	77.73241
2761	13.01212	77.73235
2762	13.01212	77.72106
2763	13.01212	77.73598
2764	13.01212	77.73229
2765	13.01212	77.73188
2766	13.01213	77.73222
2767	13.01213	77.73194
2768	13.01213	77.73217
2769	13.01213	77.73210
2770	13.01213	77.73205
2771	13.01213	77.73199
2772	13.01213	77.73439
2773	13.01213	77.73182
2774	13.01215	77.73177
2775	13.01215	77.72111
2776	13.01216	77.73445
2777	13.01216	77.72117
2778	13.01217	77.73171
2779	13.01217	77.73165
2780	13.01218	77.73159
2781	13.01218	77.73450
2782	13.01219	77.72122
2783	13.01219	77.73596
2784	13.01219	77.73154
2785	13.01219	77.73147
2786	13.01220	77.73142
2787	13.01221	77.73456
2788	13.01221	77.73136
2789	13.01222	77.73130
2790	13.01222	77.72128
2791	13.01222	77.73125
2792	13.01223	77.73119
2793	13.01224	77.73463
2794	13.01224	77.73595
2795	13.01225	77.72133
2796	13.01226	77.73113
2797	13.01227	77.73468
2798	13.01227	77.72139
2799	13.01227	77.73107
2800	13.01229	77.73102
2801	13.01230	77.73593
2802	13.01230	77.73474
2803	13.01230	77.72145
2804	13.01231	77.73097
2805	13.01232	77.72151
2806	13.01232	77.73480
2807	13.01233	77.73091
2808	13.01234	77.72157
2809	13.01235	77.73592
2810	13.01235	77.73085
2811	13.01236	77.72163
2812	13.01236	77.73486
2813	13.01236	77.73080
2814	13.01238	77.72169
2815	13.01238	77.73074
2816	13.01239	77.73492
2817	13.01239	77.72175
2818	13.01239	77.73069
2819	13.01240	77.73063
2820	13.01241	77.73590
2821	13.01242	77.73498
2822	13.01242	77.73058
2823	13.01243	77.72181
2824	13.01243	77.73052
2825	13.01244	77.73504
2826	13.01244	77.73046
2827	13.01246	77.72187
2828	13.01246	77.73040
2829	13.01246	77.73588
2830	13.01247	77.73035
2831	13.01247	77.73510
2832	13.01247	77.73030
2833	13.01248	77.72192
2834	13.01248	77.73025
2835	13.01249	77.73020
2836	13.01249	77.73015
2837	13.01250	77.73009
2838	13.01250	77.73515
2839	13.01250	77.72197
2840	13.01251	77.73004
2841	13.01251	77.72998
2842	13.01252	77.72993
2843	13.01253	77.73585
2844	13.01253	77.72202
2845	13.01253	77.73521
2846	13.01254	77.72987
2847	13.01254	77.72982
2848	13.01255	77.72208
2849	13.01256	77.72975
2850	13.01256	77.73526
2851	13.01257	77.72970
2852	13.01258	77.72213
2853	13.01258	77.72963
2854	13.01259	77.73582
2855	13.01259	77.72957
2856	13.01259	77.73532
2857	13.01260	77.72219
2858	13.01260	77.72951
2859	13.01261	77.72946
2860	13.01261	77.72224
2861	13.01261	77.72940
2862	13.01262	77.72935
2863	13.01262	77.72230
2864	13.01262	77.73538
2865	13.01262	77.72930
2866	13.01263	77.72923
2867	13.01264	77.72917
2868	13.01265	77.72236
2869	13.01265	77.73580
2870	13.01265	77.72911
2871	13.01265	77.73543
2872	13.01265	77.72906
2873	13.01265	77.72866
2874	13.01265	77.72860
2875	13.01266	77.72901
2876	13.01266	77.72894
2877	13.01266	77.72889
2878	13.01266	77.72883
2879	13.01266	77.72873
2880	13.01267	77.72854
2881	13.01267	77.72241
2882	13.01267	77.73548
2883	13.01269	77.72848
2884	13.01269	77.72247
2885	13.01269	77.73553
2886	13.01270	77.72841
2887	13.01271	77.73577
2888	13.01272	77.72835
2889	13.01272	77.72794
2890	13.01272	77.72787
2891	13.01272	77.72780
2892	13.01272	77.72773
2893	13.01272	77.72253
2894	13.01273	77.73559
2895	13.01273	77.72828
2896	13.01273	77.72802
2897	13.01273	77.72822
2898	13.01273	77.72815
2899	13.01273	77.72808
2900	13.01273	77.72768
2901	13.01274	77.72259
2902	13.01275	77.73565
2903	13.01275	77.72265
2904	13.01275	77.72762
2905	13.01276	77.72274
2906	13.01276	77.72280
2907	13.01277	77.72294
2908	13.01277	77.72286
2909	13.01277	77.73575
2910	13.01277	77.73570
2911	13.01278	77.72309
2912	13.01278	77.72302
2913	13.01278	77.72315
2914	13.01279	77.72756
2915	13.01279	77.72742
2916	13.01279	77.72736
2917	13.01279	77.72728
2918	13.01279	77.72329
2919	13.01279	77.72323
2920	13.01279	77.72748
2921	13.01279	77.72721
2922	13.01279	77.72712
2923	13.01279	77.72706
2924	13.01279	77.72699
2925	13.01279	77.72639
2926	13.01280	77.72692
2927	13.01280	77.72686
2928	13.01280	77.72633
2929	13.01280	77.72335
2930	13.01280	77.72646
2931	13.01280	77.72625
2932	13.01281	77.72679
2933	13.01281	77.72673
2934	13.01281	77.72618
2935	13.01281	77.72666
2936	13.01281	77.72660
2937	13.01281	77.72653
2938	13.01281	77.72341
2939	13.01282	77.72611
2940	13.01282	77.72605
2941	13.01282	77.72346
2942	13.01283	77.72598
2943	13.01283	77.72354
2944	13.01284	77.72591
2945	13.01284	77.72374
2946	13.01284	77.72367
2947	13.01284	77.72361
2948	13.01284	77.72380
2949	13.01285	77.72582
2950	13.01285	77.72576
2951	13.01285	77.72568
2952	13.01285	77.72561
2953	13.01285	77.72387
2954	13.01286	77.72393
2955	13.01286	77.72555
2956	13.01287	77.72406
2957	13.01287	77.72399
2958	13.01288	77.72548
2959	13.01288	77.72450
2960	13.01288	77.72443
2961	13.01288	77.72436
2962	13.01288	77.72430
2963	13.01288	77.72423
2964	13.01288	77.72414
2965	13.01289	77.72542
2966	13.01289	77.72457
2967	13.01289	77.72499
2968	13.01289	77.72492
2969	13.01289	77.72471
2970	13.01289	77.72464
2971	13.01290	77.72533
2972	13.01290	77.72484
2973	13.01290	77.72477
2974	13.01290	77.72506
2975	13.01291	77.72526
2976	13.01291	77.72518
2977	13.01291	77.72512
