Rank	Latitude	Longitude
1	13.00842	77.69574
2	13.00839	77.69579
3	13.00832	77.69584
4	13.00830	77.69590
5	13.00827	77.69596
6	13.00825	77.69603
7	13.00824	77.69608
8	13.00822	77.69614
9	13.00820	77.69619
10	13.00819	77.69625
11	13.00818	77.69631
12	13.00816	77.69636
13	13.00815	77.69642
14	13.00813	77.69648
15	13.00811	77.69654
16	13.00810	77.69659
17	13.00807	77.69665
18	13.00803	77.69671
19	13.00800	77.69677
20	13.00796	77.69682
21	13.00792	77.69688
22	13.00789	77.69693
23	13.00786	77.69698
24	13.00782	77.69704
25	13.00778	77.69710
26	13.00774	77.69716
27	13.00770	77.69721
28	13.00767	77.69726
29	13.00764	77.69731
30	13.00761	77.69736
31	13.00757	77.69742
32	13.00754	77.69748
33	13.00750	77.69754
34	13.00746	77.69761
35	13.00743	77.69766
36	13.00740	77.69771
37	13.00736	77.69777
38	13.00733	77.69782
39	13.00730	77.69788
40	13.00727	77.69795
41	13.00724	77.69801
42	13.00721	77.69807
43	13.00719	77.69813
44	13.00716	77.69819
45	13.00713	77.69824
46	13.00710	77.69830
47	13.00706	77.69836
48	13.00703	77.69842
49	13.00700	77.69847
50	13.00696	77.69853
51	13.00692	77.69859
52	13.00688	77.69864
53	13.00685	77.69869
54	13.00681	77.69875
55	13.00677	77.69880
56	13.00675	77.69886
57	13.00672	77.69891
58	13.00670	77.69896
59	13.00666	77.69902
60	13.00664	77.69908
61	13.00661	77.69913
62	13.00660	77.69919
63	13.00657	77.69925
64	13.00655	77.69931
65	13.00654	77.69937
66	13.00652	77.69942
67	13.00650	77.69948
68	13.00648	77.69954
69	13.00646	77.69959
70	13.00644	77.69965
71	13.00643	77.69970
72	13.00641	77.69976
73	13.00639	77.69983
74	13.00637	77.69989
75	13.00634	77.69995
76	13.00631	77.70001
77	13.00630	77.70006
78	13.00628	77.70012
79	13.00622	77.70010
80	13.00616	77.70008
81	13.00610	77.70006
82	13.00604	77.70005
83	13.00598	77.70003
84	13.00592	77.70001
85	13.00587	77.69999
86	13.00580	77.69996
87	13.00574	77.69993
88	13.00569	77.69992
89	13.00563	77.69991
90	13.00557	77.69991
91	13.00552	77.69992
92	13.00546	77.69995
93	13.00540	77.69996
94	13.00534	77.69997
95	13.00528	77.69998
96	13.00523	77.69998
97	13.00517	77.69998
98	13.00511	77.69998
99	13.00506	77.69997
100	13.00500	77.69997
101	13.00494	77.69996
102	13.00488	77.69996
103	13.00482	77.69996
104	13.00477	77.69996
105	13.00470	77.69995
106	13.00465	77.69994
107	13.00459	77.69993
108	13.00453	77.69992
109	13.00448	77.69991
110	13.00441	77.69990
111	13.00436	77.69990
112	13.00430	77.69989
113	13.00424	77.69988
114	13.00418	77.69988
115	13.00413	77.69987
116	13.00407	77.69986
117	13.00402	77.69985
118	13.00395	77.69984
119	13.00389	77.69984
120	13.00383	77.69983
121	13.00377	77.69981
122	13.00370	77.69979
123	13.00364	77.69977
124	13.00358	77.69976
125	13.00352	77.69974
126	13.00346	77.69973
127	13.00340	77.69973
128	13.00334	77.69972
129	13.00328	77.69972
130	13.00323	77.69972
131	13.00317	77.69971
132	13.00312	77.69971
133	13.00306	77.69970
134	13.00301	77.69970
135	13.00295	77.69969
136	13.00290	77.69969
137	13.00284	77.69968
138	13.00279	77.69967
139	13.00272	77.69967
140	13.00267	77.69966
141	13.00261	77.69965
142	13.00254	77.69964
143	13.00247	77.69963
144	13.00242	77.69963
145	13.00235	77.69962
146	13.00230	77.69961
147	13.00225	77.69961
148	13.00219	77.69960
149	13.00212	77.69959
150	13.00207	77.69958
151	13.00201	77.69958
152	13.00195	77.69956
153	13.00190	77.69956
154	13.00184	77.69954
155	13.00179	77.69953
156	13.00173	77.69951
157	13.00168	77.69950
158	13.00161	77.69950
159	13.00155	77.69949
160	13.00149	77.69948
161	13.00143	77.69946
162	13.00136	77.69944
163	13.00131	77.69943
164	13.00125	77.69941
165	13.00119	77.69940
166	13.00112	77.69938
167	13.00107	77.69937
168	13.00100	77.69935
169	13.00095	77.69934
170	13.00089	77.69933
171	13.00084	77.69933
172	13.00078	77.69933
173	13.00071	77.69933
174	13.00066	77.69933
175	13.00060	77.69932
176	13.00054	77.69931
177	13.00049	77.69932
178	13.00043	77.69932
179	13.00036	77.69931
180	13.00030	77.69929
181	13.00024	77.69929
182	13.00017	77.69929
183	13.00012	77.69928
184	13.00005	77.69928
185	12.99999	77.69927
186	12.99993	77.69926
187	12.99987	77.69926
188	12.99987	77.69931
189	12.99987	77.69936
190	12.99986	77.69942
191	12.99985	77.69947
192	12.99983	77.69954
193	12.99983	77.69960
194	12.99983	77.69965
195	12.99983	77.69970
196	12.99983	77.69976
197	12.99982	77.69981
198	12.99982	77.69986
199	12.99982	77.69992
200	12.99983	77.69999
201	12.99983	77.70005
202	12.99983	77.70011
203	12.99983	77.70018
204	12.99983	77.70024
205	12.99982	77.70030
206	12.99982	77.70035
207	12.99981	77.70041
208	12.99981	77.70048
209	12.99981	77.70053
210	12.99981	77.70059
211	12.99981	77.70064
212	12.99980	77.70069
213	12.99979	77.70075
214	12.99979	77.70080
215	12.99979	77.70087
216	12.99979	77.70092
217	12.99979	77.70098
218	12.99979	77.70103
219	12.99979	77.70109
220	12.99978	77.70114
221	12.99978	77.70119
222	12.99977	77.70126
223	12.99976	77.70132
224	12.99976	77.70138
225	12.99976	77.70143
226	12.99977	77.70148
227	12.99977	77.70154
228	12.99977	77.70160
229	12.99977	77.70166
230	12.99977	77.70171
231	12.99977	77.70178
232	12.99977	77.70185
233	12.99977	77.70190
234	12.99977	77.70196
235	12.99977	77.70202
236	12.99976	77.70207
237	12.99976	77.70212
238	12.99975	77.70218
239	12.99974	77.70223
240	12.99973	77.70229
241	12.99973	77.70234
242	12.99973	77.70239
243	12.99973	77.70246
244	12.99973	77.70253
245	12.99973	77.70258
246	12.99973	77.70264
247	12.99973	77.70270
248	12.99973	77.70276
249	12.99973	77.70282
250	12.99971	77.70287
251	12.99970	77.70293
252	12.99970	77.70299
253	12.99968	77.70304
254	12.99967	77.70310
255	12.99967	77.70315
256	12.99967	77.70321
257	12.99967	77.70327
258	12.99966	77.70332
259	12.99966	77.70337
260	12.99966	77.70344
261	12.99966	77.70349
262	12.99966	77.70354
263	12.99966	77.70359
264	12.99966	77.70365
265	12.99965	77.70372
266	12.99965	77.70377
267	12.99964	77.70383
268	12.99964	77.70388
269	12.99964	77.70393
270	12.99964	77.70400
271	12.99964	77.70407
272	12.99963	77.70412
273	12.99957	77.70415
274	12.99952	77.70416
275	12.99947	77.70416
276	12.99941	77.70416
277	12.99936	77.70414
278	12.99930	77.70414
279	12.99923	77.70413
280	12.99918	77.70412
281	12.99912	77.70411
282	12.99907	77.70410
283	12.99901	77.70409
284	12.99895	77.70407
285	12.99889	77.70406
286	12.99884	77.70405
287	12.99878	77.70405
288	12.99872	77.70404
289	12.99866	77.70404
290	12.99859	77.70405
291	12.99854	77.70404
292	12.99848	77.70401
293	12.99842	77.70399
294	12.99837	77.70395
295	12.99831	77.70391
296	12.99826	77.70388
297	12.99820	77.70384
298	12.99815	77.70379
299	12.99809	77.70376
300	12.99803	77.70373
301	12.99798	77.70369
302	12.99793	77.70365
303	12.99787	77.70362
304	12.99781	77.70359
305	12.99775	77.70354
306	12.99769	77.70349
307	12.99763	77.70343
308	12.99757	77.70338
309	12.99751	77.70333
310	12.99746	77.70328
311	12.99740	77.70324
312	12.99737	77.70318
313	12.99732	77.70313
314	12.99728	77.70307
315	12.99721	77.70301
316	12.99716	77.70296
317	12.99710	77.70291
318	12.99705	77.70284
319	12.99700	77.70278
320	12.99696	77.70273
321	12.99692	77.70267
322	12.99688	77.70262
323	12.99685	77.70257
324	12.99680	77.70251
325	12.99677	77.70245
326	12.99675	77.70240
327	12.99672	77.70235
328	12.99669	77.70229
329	12.99666	77.70224
330	12.99664	77.70218
331	12.99661	77.70211
332	12.99660	77.70205
333	12.99658	77.70200
334	12.99657	77.70194
335	12.99655	77.70189
336	12.99654	77.70183
337	12.99652	77.70178
338	12.99650	77.70172
339	12.99648	77.70167
340	12.99647	77.70162
341	12.99645	77.70155
342	12.99644	77.70149
343	12.99643	77.70144
344	12.99637	77.70142
345	12.99632	77.70141
346	12.99625	77.70140
347	12.99618	77.70139
348	12.99612	77.70138
349	12.99606	77.70138
350	12.99600	77.70137
351	12.99593	77.70136
352	12.99588	77.70135
353	12.99583	77.70134
354	12.99576	77.70134
355	12.99571	77.70134
356	12.99565	77.70134
357	12.99559	77.70134
358	12.99553	77.70133
359	12.99547	77.70133
360	12.99541	77.70133
361	12.99536	77.70132
362	12.99529	77.70131
363	12.99523	77.70129
364	12.99517	77.70128
365	12.99511	77.70128
366	12.99505	77.70129
367	12.99500	77.70129
368	12.99493	77.70128
369	12.99487	77.70128
370	12.99482	77.70127
371	12.99476	77.70127
372	12.99471	77.70126
373	12.99465	77.70125
374	12.99460	77.70124
375	12.99454	77.70124
376	12.99449	77.70123
377	12.99443	77.70123
378	12.99437	77.70122
379	12.99432	77.70122
380	12.99426	77.70122
381	12.99421	77.70122
382	12.99415	77.70120
383	12.99415	77.70115
384	12.99415	77.70108
385	12.99416	77.70102
386	12.99417	77.70097
387	12.99419	77.70092
388	12.99420	77.70086
389	12.99423	77.70080
390	12.99425	77.70074
391	12.99426	77.70068
392	12.99428	77.70063
393	12.99429	77.70056
394	12.99429	77.70051
395	12.99430	77.70045
396	12.99432	77.70038
397	12.99434	77.70032
398	12.99436	77.70027
399	12.99438	77.70020
400	12.99440	77.70014
401	12.99441	77.70008
402	12.99443	77.70002
403	12.99444	77.69997
404	12.99446	77.69991
405	12.99447	77.69986
406	12.99449	77.69980
407	12.99452	77.69973
408	12.99453	77.69968
409	12.99455	77.69963
410	12.99456	77.69957
411	12.99458	77.69951
412	12.99460	77.69945
413	12.99461	77.69939
414	12.99463	77.69933
415	12.99465	77.69928
416	12.99468	77.69922
417	12.99470	77.69916
418	12.99473	77.69910
419	12.99475	77.69905
420	12.99477	77.69899
421	12.99479	77.69893
422	12.99480	77.69888
423	12.99482	77.69883
424	12.99484	77.69876
425	12.99485	77.69871
426	12.99487	77.69866
427	12.99490	77.69860
428	12.99493	77.69854
429	12.99494	77.69849
430	12.99496	77.69843
431	12.99497	77.69838
432	12.99498	77.69832
433	12.99499	77.69827
434	12.99501	77.69821
435	12.99503	77.69814
436	12.99506	77.69808
437	12.99509	77.69802
438	12.99511	77.69797
439	12.99513	77.69792
440	12.99515	77.69785
441	12.99516	77.69780
442	12.99518	77.69774
443	12.99519	77.69768
444	12.99520	77.69762
445	12.99521	77.69755
446	12.99523	77.69749
447	12.99526	77.69742
448	12.99528	77.69737
449	12.99529	77.69732
450	12.99530	77.69726
451	12.99531	77.69721
452	12.99531	77.69716
453	12.99531	77.69711
454	12.99531	77.69705
455	12.99531	77.69699
456	12.99531	77.69694
457	12.99532	77.69688
458	12.99533	77.69682
459	12.99533	77.69675
460	12.99533	77.69670
461	12.99534	77.69664
462	12.99534	77.69658
463	12.99535	77.69652
464	12.99535	77.69645
465	12.99536	77.69639
466	12.99536	77.69634
467	12.99537	77.69629
468	12.99538	77.69623
469	12.99539	77.69617
470	12.99540	77.69611
471	12.99540	77.69606
472	12.99541	77.69600
473	12.99541	77.69594
474	12.99543	77.69588
475	12.99544	77.69583
476	12.99546	77.69577
477	12.99547	77.69571
478	12.99548	77.69565
479	12.99550	77.69560
480	12.99551	77.69555
481	12.99552	77.69549
482	12.99554	77.69544
483	12.99555	77.69539
484	12.99557	77.69533
485	12.99559	77.69526
486	12.99559	77.69520
487	12.99561	77.69514
488	12.99562	77.69509
489	12.99564	77.69503
490	12.99565	77.69498
491	12.99567	77.69492
492	12.99569	77.69487
493	12.99571	77.69481
494	12.99573	77.69474
495	12.99575	77.69469
496	12.99578	77.69464
497	12.99580	77.69459
498	12.99582	77.69453
499	12.99585	77.69447
500	12.99587	77.69441
501	12.99591	77.69435
502	12.99594	77.69429
503	12.99597	77.69423
504	12.99599	77.69418
505	12.99602	77.69412
506	12.99604	77.69406
507	12.99606	77.69401
508	12.99609	77.69395
509	12.99612	77.69389
510	12.99614	77.69384
511	12.99616	77.69379
512	12.99617	77.69374
513	12.99620	77.69367
514	12.99622	77.69362
515	12.99625	77.69356
516	12.99628	77.69349
517	12.99630	77.69344
518	12.99632	77.69338
519	12.99634	77.69332
520	12.99636	77.69326
521	12.99638	77.69321
522	12.99640	77.69315
523	12.99641	77.69309
524	12.99642	77.69304
525	12.99645	77.69298
526	12.99647	77.69292
527	12.99650	77.69286
528	12.99651	77.69281
529	12.99653	77.69275
530	12.99655	77.69269
531	12.99656	77.69263
532	12.99659	77.69257
533	12.99660	77.69252
534	12.99663	77.69246
535	12.99666	77.69240
536	12.99668	77.69235
537	12.99670	77.69230
538	12.99671	77.69224
539	12.99673	77.69219
540	12.99675	77.69214
541	12.99678	77.69209
542	12.99681	77.69203
543	12.99685	77.69196
544	12.99688	77.69189
545	12.99691	77.69183
546	12.99693	77.69178
547	12.99695	77.69172
548	12.99695	77.69167
549	12.99698	77.69162
550	12.99700	77.69156
551	12.99701	77.69151
552	12.99703	77.69145
553	12.99705	77.69139
554	12.99706	77.69134
555	12.99708	77.69128
556	12.99710	77.69122
557	12.99712	77.69116
558	12.99716	77.69110
559	12.99719	77.69104
560	12.99722	77.69098
561	12.99725	77.69092
562	12.99727	77.69087
563	12.99729	77.69081
564	12.99732	77.69075
565	12.99734	77.69069
566	12.99732	77.69064
567	12.99727	77.69063
568	12.99720	77.69061
569	12.99715	77.69058
570	12.99708	77.69057
571	12.99702	77.69054
572	12.99695	77.69052
573	12.99690	77.69050
574	12.99683	77.69049
575	12.99678	77.69046
576	12.99672	77.69044
577	12.99666	77.69042
578	12.99661	77.69040
579	12.99655	77.69038
580	12.99650	77.69036
581	12.99644	77.69033
582	12.99638	77.69030
583	12.99632	77.69027
584	12.99627	77.69024
585	12.99622	77.69020
586	12.99616	77.69017
587	12.99610	77.69013
588	12.99605	77.69009
589	12.99599	77.69006
590	12.99592	77.69003
591	12.99586	77.68999
592	12.99581	77.68996
593	12.99575	77.68993
594	12.99569	77.68989
595	12.99563	77.68986
596	12.99557	77.68983
597	12.99551	77.68981
598	12.99545	77.68978
599	12.99540	77.68977
600	12.99534	77.68975
601	12.99529	77.68974
602	12.99522	77.68971
603	12.99516	77.68968
604	12.99510	77.68965
605	12.99505	77.68962
606	12.99499	77.68961
607	12.99493	77.68959
608	12.99486	77.68956
609	12.99481	77.68955
610	12.99474	77.68951
611	12.99469	77.68950
612	12.99462	77.68947
613	12.99456	77.68944
614	12.99450	77.68941
615	12.99444	77.68938
616	12.99438	77.68936
617	12.99432	77.68934
618	12.99426	77.68932
619	12.99421	77.68929
620	12.99414	77.68927
621	12.99408	77.68923
622	12.99402	77.68922
623	12.99396	77.68920
624	12.99390	77.68918
625	12.99384	77.68917
626	12.99379	77.68914
627	12.99373	77.68911
628	12.99367	77.68908
629	12.99360	77.68906
630	12.99354	77.68903
631	12.99349	77.68901
632	12.99343	77.68899
633	12.99337	77.68897
634	12.99330	77.68896
635	12.99324	77.68895
636	12.99318	77.68894
637	12.99312	77.68893
638	12.99307	77.68892
639	12.99301	77.68890
640	12.99295	77.68889
641	12.99289	77.68886
642	12.99282	77.68884
643	12.99276	77.68882
644	12.99271	77.68879
645	12.99264	77.68876
646	12.99259	77.68874
647	12.99254	77.68870
648	12.99247	77.68866
649	12.99241	77.68863
650	12.99235	77.68860
651	12.99229	77.68857
652	12.99223	77.68853
653	12.99216	77.68848
654	12.99211	77.68843
655	12.99206	77.68838
656	12.99200	77.68833
657	12.99194	77.68829
658	12.99189	77.68824
659	12.99183	77.68819
660	12.99178	77.68815
661	12.99172	77.68809
662	12.99169	77.68804
663	12.99164	77.68797
664	12.99158	77.68792
665	12.99153	77.68785
666	12.99149	77.68780
667	12.99147	77.68775
668	12.99145	77.68769
669	12.99143	77.68764
670	12.99142	77.68758
671	12.99140	77.68753
672	12.99138	77.68748
673	12.99137	77.68742
674	12.99135	77.68737
675	12.99141	77.68732
676	12.99147	77.68727
677	12.99152	77.68723
678	12.99158	77.68718
679	12.99163	77.68714
680	12.99169	77.68710
681	12.99175	77.68705
682	12.99181	77.68700
683	12.99186	77.68694
684	12.99191	77.68690
685	12.99197	77.68685
686	12.99202	77.68681
687	12.99208	77.68676
688	12.99213	77.68672
689	12.99219	77.68668
690	12.99225	77.68664
691	12.99231	77.68660
692	12.99237	77.68656
693	12.99243	77.68651
694	12.99249	77.68647
695	12.99254	77.68643
696	12.99260	77.68638
697	12.99266	77.68634
698	12.99272	77.68630
699	12.99278	77.68626
700	12.99283	77.68621
701	12.99289	77.68617
702	12.99295	77.68613
703	12.99301	77.68609
704	12.99307	77.68605
705	12.99313	77.68600
706	12.99319	77.68595
707	12.99324	77.68591
708	12.99330	77.68587
709	12.99336	77.68583
710	12.99342	77.68578
711	12.99348	77.68574
712	12.99354	77.68571
713	12.99359	77.68568
714	12.99365	77.68563
715	12.99372	77.68558
716	12.99378	77.68554
717	12.99383	77.68550
718	12.99389	77.68544
719	12.99394	77.68540
720	12.99400	77.68536
721	12.99405	77.68532
722	12.99411	77.68527
723	12.99417	77.68522
724	12.99423	77.68517
725	12.99429	77.68513
726	12.99435	77.68508
727	12.99440	77.68505
728	12.99446	77.68500
729	12.99452	77.68496
730	12.99457	77.68492
731	12.99463	77.68487
732	12.99469	77.68482
733	12.99474	77.68478
734	12.99480	77.68473
735	12.99486	77.68469
736	12.99491	77.68465
737	12.99498	77.68461
738	12.99503	77.68457
739	12.99509	77.68453
740	12.99516	77.68448
741	12.99521	77.68444
742	12.99527	77.68439
743	12.99533	77.68435
744	12.99538	77.68431
745	12.99544	77.68427
746	12.99550	77.68422
747	12.99555	77.68419
748	12.99561	77.68414
749	12.99567	77.68409
750	12.99573	77.68405
751	12.99579	77.68402
752	12.99585	77.68399
753	12.99590	77.68396
754	12.99595	77.68392
755	12.99601	77.68388
756	12.99607	77.68383
757	12.99613	77.68379
758	12.99619	77.68375
759	12.99624	77.68372
760	12.99630	77.68368
761	12.99635	77.68365
762	12.99641	77.68361
763	12.99646	77.68358
764	12.99651	77.68352
765	12.99659	77.68347
766	12.99665	77.68344
767	12.99670	77.68341
768	12.99680	77.68334
769	12.99690	77.68331
770	12.99696	77.68329
771	12.99701	77.68324
772	12.99708	77.68320
773	12.99714	77.68317
774	12.99719	77.68313
775	12.99727	77.68307
776	12.99732	77.68304
777	12.99742	77.68297
778	12.99749	77.68293
779	12.99755	77.68290
780	12.99760	77.68287
781	12.99767	77.68284
782	12.99775	77.68277
783	12.99785	77.68271
784	12.99790	77.68268
785	12.99795	77.68263
786	12.99800	77.68260
787	12.99807	77.68256
788	12.99812	77.68251
789	12.99817	77.68248
790	12.99823	77.68244
791	12.99829	77.68240
792	12.99834	77.68236
793	12.99843	77.68232
794	12.99849	77.68229
795	12.99854	77.68226
796	12.99859	77.68221
797	12.99870	77.68215
798	12.99875	77.68211
799	12.99880	77.68208
800	12.99886	77.68204
801	12.99891	77.68201
802	12.99896	77.68198
803	12.99901	77.68195
804	12.99908	77.68190
805	12.99914	77.68187
806	12.99919	77.68184
807	12.99926	77.68181
808	12.99931	77.68176
809	12.99937	77.68172
810	12.99942	77.68168
811	12.99948	77.68164
812	12.99954	77.68159
813	12.99960	77.68156
814	12.99967	77.68154
815	12.99973	77.68151
816	12.99979	77.68147
817	12.99986	77.68143
818	12.99992	77.68140
819	12.99997	77.68137
820	13.00002	77.68133
821	13.00009	77.68130
822	13.00014	77.68127
823	13.00020	77.68125
824	13.00025	77.68120
825	13.00031	77.68117
826	13.00037	77.68112
827	13.00042	77.68101
828	13.00044	77.68094
829	13.00046	77.68088
830	13.00048	77.68081
831	13.00049	77.68075
832	13.00049	77.68069
833	13.00049	77.68062
834	13.00050	77.68056
835	13.00050	77.68049
836	13.00050	77.68043
837	13.00050	77.68035
838	13.00050	77.68029
839	13.00049	77.68023
840	13.00048	77.68018
841	13.00048	77.68012
842	13.00048	77.68005
843	13.00048	77.67999
844	13.00048	77.67991
845	13.00047	77.67985
846	13.00046	77.67978
847	13.00045	77.67973
848	13.00045	77.67967
849	13.00045	77.67960
850	13.00044	77.67954
851	13.00044	77.67947
852	13.00044	77.67941
853	13.00043	77.67935
854	13.00043	77.67929
855	13.00043	77.67923
856	13.00043	77.67916
857	13.00043	77.67910
858	13.00043	77.67903
859	13.00043	77.67897
860	13.00043	77.67890
861	13.00043	77.67884
862	13.00043	77.67878
863	13.00043	77.67871
864	13.00043	77.67865
865	13.00043	77.67857
866	13.00045	77.67851
867	13.00045	77.67844
868	13.00045	77.67838
869	13.00045	77.67831
870	13.00045	77.67825
871	13.00045	77.67819
872	13.00045	77.67812
873	13.00045	77.67806
874	13.00045	77.67799
875	13.00045	77.67793
876	13.00044	77.67787
877	13.00044	77.67781
878	13.00042	77.67776
879	13.00042	77.67769
880	13.00042	77.67763
881	13.00042	77.67756
882	13.00040	77.67751
883	13.00040	77.67745
884	13.00040	77.67738
885	13.00040	77.67732
886	13.00039	77.67725
887	13.00038	77.67720
888	13.00038	77.67713
889	13.00037	77.67707
890	13.00036	77.67702
891	13.00036	77.67695
892	13.00036	77.67689
893	13.00035	77.67683
894	13.00035	77.67677
895	13.00034	77.67672
896	13.00033	77.67665
897	13.00034	77.67659
898	13.00040	77.67670
899	13.00044	77.67678
900	13.00046	77.67684
901	13.00050	77.67690
902	13.00054	77.67696
903	13.00058	77.67703
904	13.00062	77.67709
905	13.00065	77.67714
906	13.00068	77.67720
907	13.00072	77.67726
908	13.00075	77.67732
909	13.00078	77.67738
910	13.00081	77.67744
911	13.00084	77.67750
912	13.00084	77.67737
913	13.00084	77.67732
914	13.00084	77.67727
915	13.00084	77.67721
916	13.00085	77.67715
917	13.00090	77.67713
918	13.00096	77.67711
919	13.00101	77.67711
920	13.00107	77.67710
921	13.00113	77.67709
922	13.00118	77.67708
923	13.00124	77.67705
924	13.00130	77.67704
925	13.00135	77.67703
926	13.00142	77.67703
927	13.00148	77.67701
928	13.00154	77.67701
929	13.00159	77.67700
930	13.00165	77.67698
931	13.00171	77.67698
932	13.00176	77.67697
933	13.00182	77.67695
934	13.00187	77.67695
935	13.00193	77.67694
936	13.00198	77.67694
937	13.00204	77.67692
938	13.00209	77.67692
939	13.00215	77.67692
940	13.00222	77.67692
941	13.00227	77.67691
942	13.00233	77.67690
943	13.00239	77.67689
944	13.00245	77.67689
945	13.00251	77.67687
946	13.00258	77.67685
947	13.00263	77.67682
948	13.00269	77.67679
949	13.00275	77.67676
950	13.00282	77.67676
951	13.00288	77.67676
952	13.00293	77.67676
953	13.00299	77.67677
954	13.00305	77.67677
955	13.00311	77.67677
956	13.00316	77.67678
957	13.00322	77.67679
958	13.00327	77.67682
959	13.00333	77.67688
960	13.00338	77.67694
961	13.00342	77.67700
962	13.00348	77.67705
963	13.00355	77.67710
964	13.00360	77.67712
965	13.00366	77.67714
966	13.00372	77.67714
967	13.00377	77.67715
968	13.00382	77.67715
969	13.00389	77.67716
970	13.00395	77.67716
971	13.00401	77.67715
972	13.00406	77.67715
973	13.00412	77.67714
974	13.00417	77.67713
975	13.00423	77.67712
976	13.00429	77.67712
977	13.00434	77.67712
978	13.00440	77.67712
979	13.00446	77.67712
980	13.00452	77.67712
981	13.00457	77.67711
982	13.00463	77.67710
983	13.00469	77.67709
984	13.00475	77.67709
985	13.00482	77.67709
986	13.00488	77.67709
987	13.00493	77.67708
988	13.00499	77.67708
989	13.00506	77.67708
990	13.00512	77.67707
991	13.00515	77.67702
992	13.00516	77.67697
993	13.00516	77.67690
994	13.00517	77.67685
995	13.00518	77.67680
996	13.00518	77.67673
997	13.00519	77.67668
998	13.00519	77.67662
999	13.00519	77.67657
1000	13.00520	77.67651
1001	13.00520	77.67646
1002	13.00522	77.67639
1003	13.00524	77.67633
1004	13.00525	77.67628
1005	13.00525	77.67622
1006	13.00525	77.67615
1007	13.00526	77.67610
1008	13.00528	77.67603
1009	13.00530	77.67597
1010	13.00531	77.67591
1011	13.00530	77.67585
1012	13.00530	77.67579
1013	13.00532	77.67572
1014	13.00532	77.67566
1015	13.00538	77.67562
1016	13.00541	77.67556
1017	13.00541	77.67549
1018	13.00541	77.67544
1019	13.00540	77.67538
1020	13.00539	77.67533
1021	13.00539	77.67526
1022	13.00539	77.67521
1023	13.00538	77.67514
1024	13.00538	77.67509
1025	13.00544	77.67507
1026	13.00549	77.67505
1027	13.00556	77.67503
1028	13.00562	77.67501
1029	13.00568	77.67499
1030	13.00573	77.67498
1031	13.00579	77.67497
1032	13.00585	77.67495
1033	13.00592	77.67493
1034	13.00598	77.67490
1035	13.00604	77.67488
1036	13.00610	77.67486
1037	13.00616	77.67483
1038	13.00622	77.67480
1039	13.00629	77.67477
1040	13.00635	77.67475
1041	13.00641	77.67472
1042	13.00648	77.67469
1043	13.00653	77.67467
1044	13.00660	77.67464
1045	13.00665	77.67460
1046	13.00671	77.67457
1047	13.00677	77.67455
1048	13.00683	77.67451
1049	13.00689	77.67446
1050	13.00692	77.67440
1051	13.00698	77.67434
1052	13.00704	77.67431
1053	13.00709	77.67435
1054	13.00715	77.67438
1055	13.00721	77.67440
1056	13.00727	77.67443
1057	13.00734	77.67446
1058	13.00740	77.67449
1059	13.00745	77.67452
1060	13.00751	77.67451
1061	13.00757	77.67448
1062	13.00763	77.67446
1063	13.00769	77.67444
1064	13.00776	77.67443
1065	13.00782	77.67443
1066	13.00787	77.67444
1067	13.00793	77.67444
1068	13.00798	77.67444
1069	13.00805	77.67445
1070	13.00811	77.67448
1071	13.00817	77.67450
1072	13.00823	77.67453
1073	13.00829	77.67455
1074	13.00834	77.67456
1075	13.00841	77.67458
1076	13.00847	77.67460
1077	13.00853	77.67463
1078	13.00858	77.67465
1079	13.00864	77.67468
1080	13.00870	77.67472
1081	13.00874	77.67477
1082	13.00871	77.67483
1083	13.00868	77.67488
1084	13.00866	77.67493
1085	13.00864	77.67499
1086	13.00861	77.67504
1087	13.00857	77.67511
1088	13.00854	77.67516
1089	13.00851	77.67522
1090	13.00848	77.67527
1091	13.00845	77.67533
1092	13.00841	77.67539
1093	13.00838	77.67545
1094	13.00835	77.67551
1095	13.00832	77.67556
1096	13.00829	77.67561
1097	13.00826	77.67567
1098	13.00823	77.67573
1099	13.00820	77.67578
1100	13.00818	77.67584
1101	13.00816	77.67589
1102	13.00821	77.67593
1103	13.00827	77.67598
1104	13.00832	77.67601
1105	13.00838	77.67604
1106	13.00845	77.67607
1107	13.00852	77.67609
1108	13.00857	77.67609
1109	13.00863	77.67609
1110	13.00868	77.67609
1111	13.00874	77.67608
1112	13.00881	77.67607
1113	13.00887	77.67607
1114	13.00894	77.67608
1115	13.00899	77.67610
1116	13.00906	77.67611
1117	13.00912	77.67613
1118	13.00918	77.67615
1119	13.00924	77.67617
1120	13.00931	77.67619
1121	13.00937	77.67622
1122	13.00942	77.67625
1123	13.00948	77.67626
1124	13.00954	77.67629
1125	13.00960	77.67631
1126	13.00967	77.67632
1127	13.00973	77.67635
1128	13.00980	77.67637
1129	13.00986	77.67639
1130	13.00992	77.67640
1131	13.00998	77.67642
1132	13.01003	77.67642
1133	13.01009	77.67643
1134	13.01015	77.67645
1135	13.01020	77.67647
1136	13.01026	77.67648
1137	13.01032	77.67649
1138	13.01038	77.67650
1139	13.01043	77.67651
1140	13.01049	77.67652
1141	13.01054	77.67652
1142	13.01060	77.67653
1143	13.01066	77.67654
1144	13.01072	77.67656
1145	13.01078	77.67658
1146	13.01083	77.67659
1147	13.01088	77.67660
1148	13.01094	77.67661
1149	13.01100	77.67663
1150	13.01099	77.67668
1151	13.01093	77.67673
1152	13.01088	77.67676
1153	13.01083	77.67679
1154	13.01077	77.67680
1155	13.01071	77.67679
1156	13.01066	77.67679
1157	13.01060	77.67681
1158	13.01054	77.67681
1159	13.01048	77.67682
1160	13.01042	77.67682
1161	13.01036	77.67683
1162	13.01029	77.67683
1163	13.01023	77.67683
1164	13.01017	77.67684
1165	13.01011	77.67684
1166	13.01006	77.67685
1167	13.01000	77.67688
1168	13.00994	77.67689
1169	13.00989	77.67690
1170	13.00983	77.67692
1171	13.00977	77.67694
1172	13.00972	77.67695
1173	13.00967	77.67696
1174	13.00961	77.67696
1175	13.00955	77.67697
1176	13.00949	77.67699
1177	13.00944	77.67701
1178	13.00938	77.67701
1179	13.00932	77.67703
1180	13.00926	77.67706
1181	13.00920	77.67708
1182	13.00914	77.67714
1183	13.00912	77.67720
1184	13.00908	77.67725
1185	13.00907	77.67731
1186	13.00906	77.67736
1187	13.00906	77.67743
1188	13.00907	77.67749
1189	13.00908	77.67755
1190	13.00911	77.67761
1191	13.00914	77.67767
1192	13.00918	77.67772
1193	13.00923	77.67777
1194	13.00927	77.67782
1195	13.00930	77.67788
1196	13.00932	77.67795
1197	13.00934	77.67801
1198	13.00935	77.67806
1199	13.00937	77.67813
1200	13.00938	77.67819
1201	13.00940	77.67825
1202	13.00941	77.67832
1203	13.00942	77.67838
1204	13.00943	77.67843
1205	13.00945	77.67848
1206	13.00947	77.67854
1207	13.00949	77.67860
1208	13.00951	77.67866
1209	13.00953	77.67872
1210	13.00955	77.67878
1211	13.00957	77.67883
1212	13.00957	77.67890
1213	13.00959	77.67896
1214	13.00956	77.67901
1215	13.00954	77.67907
1216	13.00952	77.67913
1217	13.00949	77.67918
1218	13.00947	77.67924
1219	13.00946	77.67930
1220	13.00944	77.67935
1221	13.00944	77.67941
1222	13.00943	77.67946
1223	13.00944	77.67953
1224	13.00948	77.67958
1225	13.00954	77.67961
1226	13.00960	77.67964
1227	13.00966	77.67967
1228	13.00972	77.67971
1229	13.00974	77.67976
1230	13.00977	77.67984
1231	13.00980	77.67989
1232	13.00982	77.67995
1233	13.00984	77.68001
1234	13.00987	77.68007
1235	13.00991	77.68014
1236	13.00994	77.68019
1237	13.00999	77.68025
1238	13.01003	77.68031
1239	13.01007	77.68036
1240	13.01010	77.68043
1241	13.01014	77.68049
1242	13.01020	77.68056
1243	13.01023	77.68062
1244	13.01024	77.68067
1245	13.01032	77.68071
1246	13.01040	77.68071
1247	13.01048	77.68070
1248	13.01055	77.68070
1249	13.01063	77.68069
1250	13.01070	77.68067
1251	13.01078	77.68067
1252	13.01084	77.68066
1253	13.01091	77.68064
1254	13.01100	77.68064
1255	13.01108	77.68064
1256	13.01105	77.68069
1257	13.01100	77.68073
1258	13.01093	77.68078
1259	13.01088	77.68082
1260	13.01083	77.68086
1261	13.01077	77.68090
1262	13.01072	77.68094
1263	13.01066	77.68099
1264	13.01061	77.68103
1265	13.01054	77.68108
1266	13.01049	77.68113
1267	13.01043	77.68117
1268	13.01038	77.68123
1269	13.01033	77.68129
1270	13.01028	77.68134
1271	13.01023	77.68139
1272	13.01017	77.68144
1273	13.01011	77.68148
1274	13.01006	77.68153
1275	13.01000	77.68158
1276	13.00995	77.68164
1277	13.00989	77.68168
1278	13.00984	77.68174
1279	13.00980	77.68180
1280	13.00974	77.68185
1281	13.00968	77.68190
1282	13.00962	77.68194
1283	13.00957	77.68197
1284	13.00951	77.68201
1285	13.00945	77.68203
1286	13.00940	77.68206
1287	13.00934	77.68208
1288	13.00928	77.68211
1289	13.00923	77.68215
1290	13.00916	77.68220
1291	13.00910	77.68225
1292	13.00905	77.68229
1293	13.00899	77.68233
1294	13.00894	77.68237
1295	13.00888	77.68242
1296	13.00882	77.68247
1297	13.00876	77.68251
1298	13.00871	77.68256
1299	13.00865	77.68261
1300	13.00859	77.68265
1301	13.00854	77.68269
1302	13.00849	77.68274
1303	13.00843	77.68279
1304	13.00837	77.68284
1305	13.00833	77.68289
1306	13.00828	77.68295
1307	13.00821	77.68300
1308	13.00815	77.68305
1309	13.00811	77.68310
1310	13.00806	77.68317
1311	13.00801	77.68322
1312	13.00795	77.68327
1313	13.00789	77.68331
1314	13.00784	77.68335
1315	13.00778	77.68337
1316	13.00771	77.68343
1317	13.00766	77.68347
1318	13.00760	77.68350
1319	13.00754	77.68353
1320	13.00749	77.68356
1321	13.00743	77.68360
1322	13.00737	77.68363
1323	13.00731	77.68366
1324	13.00725	77.68369
1325	13.00720	77.68373
1326	13.00715	77.68376
1327	13.00709	77.68380
1328	13.00703	77.68383
1329	13.00698	77.68385
1330	13.00692	77.68388
1331	13.00685	77.68392
1332	13.00679	77.68396
1333	13.00673	77.68399
1334	13.00667	77.68403
1335	13.00661	77.68407
1336	13.00655	77.68413
1337	13.00649	77.68416
1338	13.00643	77.68420
1339	13.00638	77.68423
1340	13.00632	77.68426
1341	13.00627	77.68430
1342	13.00621	77.68434
1343	13.00616	77.68437
1344	13.00610	77.68440
1345	13.00605	77.68443
1346	13.00599	77.68447
1347	13.00593	77.68450
1348	13.00587	77.68455
1349	13.00581	77.68458
1350	13.00575	77.68462
1351	13.00570	77.68465
1352	13.00564	77.68469
1353	13.00558	77.68472
1354	13.00552	77.68476
1355	13.00546	77.68480
1356	13.00540	77.68483
1357	13.00535	77.68486
1358	13.00528	77.68489
1359	13.00523	77.68493
1360	13.00519	77.68498
1361	13.00520	77.68503
1362	13.00522	77.68508
1363	13.00525	77.68514
1364	13.00528	77.68519
1365	13.00531	77.68525
1366	13.00534	77.68530
1367	13.00537	77.68536
1368	13.00541	77.68542
1369	13.00545	77.68548
1370	13.00548	77.68554
1371	13.00551	77.68560
1372	13.00555	77.68566
1373	13.00558	77.68571
1374	13.00561	77.68577
1375	13.00564	77.68583
1376	13.00568	77.68589
1377	13.00571	77.68595
1378	13.00575	77.68600
1379	13.00579	77.68606
1380	13.00583	77.68612
1381	13.00585	77.68618
1382	13.00587	77.68623
1383	13.00590	77.68629
1384	13.00594	77.68635
1385	13.00596	77.68641
1386	13.00599	77.68646
1387	13.00604	77.68652
1388	13.00607	77.68657
1389	13.00611	77.68662
1390	13.00615	77.68667
1391	13.00618	77.68673
1392	13.00621	77.68678
1393	13.00623	77.68684
1394	13.00626	77.68689
1395	13.00628	77.68695
1396	13.00632	77.68700
1397	13.00635	77.68706
1398	13.00637	77.68712
1399	13.00639	77.68717
1400	13.00641	77.68722
1401	13.00643	77.68728
1402	13.00645	77.68733
1403	13.00647	77.68738
1404	13.00650	77.68743
1405	13.00653	77.68749
1406	13.00656	77.68755
1407	13.00659	77.68761
1408	13.00662	77.68766
1409	13.00665	77.68772
1410	13.00668	77.68777
1411	13.00671	77.68783
1412	13.00675	77.68788
1413	13.00678	77.68794
1414	13.00681	77.68799
1415	13.00684	77.68805
1416	13.00687	77.68811
1417	13.00690	77.68816
1418	13.00694	77.68822
1419	13.00696	77.68828
1420	13.00699	77.68833
1421	13.00702	77.68839
1422	13.00705	77.68846
1423	13.00708	77.68851
1424	13.00710	77.68856
1425	13.00712	77.68862
1426	13.00714	77.68867
1427	13.00717	77.68873
1428	13.00719	77.68878
1429	13.00721	77.68883
1430	13.00724	77.68890
1431	13.00727	77.68895
1432	13.00731	77.68901
1433	13.00734	77.68906
1434	13.00737	77.68912
1435	13.00739	77.68917
1436	13.00742	77.68922
1437	13.00744	77.68929
1438	13.00747	77.68934
1439	13.00749	77.68940
1440	13.00752	77.68946
1441	13.00755	77.68952
1442	13.00758	77.68957
1443	13.00759	77.68963
1444	13.00761	77.68968
1445	13.00764	77.68975
1446	13.00766	77.68981
1447	13.00768	77.68987
1448	13.00770	77.68992
1449	13.00771	77.68999
1450	13.00773	77.69004
1451	13.00774	77.69010
1452	13.00776	77.69016
1453	13.00777	77.69021
1454	13.00778	77.69027
1455	13.00780	77.69033
1456	13.00781	77.69039
1457	13.00782	77.69045
1458	13.00783	77.69050
1459	13.00784	77.69056
1460	13.00785	77.69063
1461	13.00786	77.69068
1462	13.00787	77.69073
1463	13.00789	77.69078
1464	13.00790	77.69084
1465	13.00793	77.69090
1466	13.00794	77.69095
1467	13.00796	77.69100
1468	13.00797	77.69106
1469	13.00798	77.69111
1470	13.00800	77.69117
1471	13.00801	77.69122
1472	13.00803	77.69128
1473	13.00804	77.69133
1474	13.00805	77.69139
1475	13.00806	77.69144
1476	13.00807	77.69150
1477	13.00808	77.69156
1478	13.00810	77.69161
1479	13.00812	77.69167
1480	13.00814	77.69172
1481	13.00816	77.69178
1482	13.00817	77.69183
1483	13.00818	77.69189
1484	13.00820	77.69195
1485	13.00821	77.69200
1486	13.00822	77.69206
1487	13.00823	77.69212
1488	13.00823	77.69218
1489	13.00824	77.69224
1490	13.00824	77.69229
1491	13.00825	77.69235
1492	13.00825	77.69241
1493	13.00825	77.69246
1494	13.00826	77.69253
1495	13.00827	77.69259
1496	13.00828	77.69264
1497	13.00829	77.69269
1498	13.00829	77.69275
1499	13.00830	77.69280
1500	13.00831	77.69286
1501	13.00833	77.69292
1502	13.00834	77.69298
1503	13.00835	77.69303
1504	13.00836	77.69308
1505	13.00836	77.69315
1506	13.00837	77.69322
1507	13.00837	77.69327
1508	13.00839	77.69333
1509	13.00840	77.69339
1510	13.00840	77.69345
1511	13.00841	77.69351
1512	13.00841	77.69357
1513	13.00841	77.69363
1514	13.00841	77.69370
1515	13.00841	77.69376
1516	13.00841	77.69382
1517	13.00841	77.69388
1518	13.00841	77.69393
1519	13.00840	77.69399
1520	13.00840	77.69405
1521	13.00840	77.69410
1522	13.00840	77.69415
1523	13.00840	77.69421
1524	13.00840	77.69427
1525	13.00841	77.69433
1526	13.00842	77.69438
1527	13.00842	77.69444
1528	13.00842	77.69449
1529	13.00842	77.69455
1530	13.00841	77.69460
1531	13.00841	77.69466
1532	13.00841	77.69472
1533	13.00841	77.69478
1534	13.00841	77.69483
1535	13.00839	77.69489
1536	13.00838	77.69495
1537	13.00837	77.69501
1538	13.00837	77.69507
1539	13.00837	77.69512
1540	13.00837	77.69517
1541	13.00837	77.69523
1542	13.00837	77.69529
1543	13.00837	77.69536
1544	13.00838	77.69542
1545	13.00838	77.69548
1546	13.00839	77.69553
1547	13.00840	77.69558
1548	13.00840	77.69563
1549	13.00841	77.69569
